0.0             1135.47512588   0.0             0.0             0.5             6.38144701899   72.1978313746   0.132088862305  0.00745991558745 1584.89319246   0.0158489319246 
6.103515625e-05 1135.47311888   0.0             0.0             0.500000031762  6.38144701899   72.1978313746   0.132088862305  0.00784298367831 1584.89319246   0.0158489319246 
0.0001220703125 1261.14017937   0.0             0.0             0.500000072312  6.85352808448   77.5388189374   0.140829609746  0.00853152469782 1584.89319246   0.0158489319246 
0.00018310546875 1399.0760827    0.0             0.0             0.500000122145  7.34172833078   83.0621742132   0.151123233856  0.00939963702711 1584.89319246   0.0158489319246 
0.000244140625  1555.20901069   0.0             0.0             0.500000195997  7.86323613833   88.9623615277   0.162790857238  0.0105527311391 1584.89319246   0.0158489319246 
0.00030517578125 1731.45231767   0.0             0.0             0.500000317138  8.41915296225   95.2518424232   0.174043029339  0.0121224968323 1584.89319246   0.0158489319246 
0.0003662109375 1929.16306973   0.0             0.0             0.500000516562  9.00984287604   101.934735921   0.180871646213  0.0141921994955 1584.89319246   0.0158489319246 
0.00042724609375 2149.76281517   0.0             0.0             0.500000820547  9.63465217072   109.003646149   0.179175521115  0.0166114654579 1584.89319246   0.0158489319246 
0.00048828125   2397.17825953   0.0             0.0             0.500001232066  10.2947633003   116.471951046   0.170211184298  0.019015535977  1584.89319246   0.0158489319246 
0.00054931640625 2676.85621861   0.0             0.0             0.500001730085  10.9946652336   124.390437496   0.160164650341  0.0212109404603 1584.89319246   0.0158489319246 
0.0006103515625 2993.21323258   0.0             0.0             0.500002290217  11.7395391592   132.817723959   0.153506823221  0.0233112138345 1584.89319246   0.0158489319246 
0.00067138671875 3350.41056726   0.0             0.0             0.500002900712  12.533522061    141.800615064   0.151049548106  0.0255169872326 1584.89319246   0.0158489319246 
0.000728835444109 3753.49179477   0.0             0.0             0.500003523052  13.3801378851   151.378979709   0.151979079799  0.0278957868753 1584.89319246   0.0158489319246 
0.000782686513124 4181.04053203   0.0             0.0             0.500004156718  14.2298938068   160.992870502   0.155094277561  0.0304345282147 1584.89319246   0.0158489319246 
0.00083336781821 4630.6602299    0.0             0.0             0.500004807432  15.0778561562   170.586469341   0.159459897962  0.0331408588729 1584.89319246   0.0158489319246 
0.000881211615728 5102.57924692   0.0             0.0             0.500005479804  15.9246264558   180.166581676   0.164549817777  0.0360145099133 1584.89319246   0.0158489319246 
0.000926525098514 5596.73530198   0.0             0.0             0.500006177776  16.7702686307   189.733930738   0.170061215039  0.0390517240333 1584.89319246   0.0158489319246 
0.000969565482128 6113.38076577   0.0             0.0             0.500006904323  17.6153858787   199.295340928   0.175814119445  0.042249430639  1584.89319246   0.0158489319246 
0.00101052285255 6652.7710206    0.0             0.0             0.500007661134  18.4605140399   208.856874589   0.18169180245   0.0456040892143 1584.89319246   0.0158489319246 
0.00104959193742 7214.78836903   0.0             0.0             0.500008449895  19.3055754289   218.417652808   0.187636862723  0.0491131288555 1584.89319246   0.0158489319246 
0.00108694136673 7799.75677889   0.0             0.0             0.500009271874  20.1511453026   227.984183875   0.193589719602  0.0527761494375 1584.89319246   0.0158489319246 
0.00112268808591 8408.03787107   0.0             0.0             0.500010127298  20.9977774587   237.562733294   0.199463776937  0.0565919776192 1584.89319246   0.0158489319246 
0.00115696353017 9039.49758838   0.0             0.0             0.500011016794  21.8453085472   247.151452973   0.205200221256  0.0605599527865 1584.89319246   0.0158489319246 
0.00118988447031 9694.52001384   0.0             0.0             0.500011940819  22.6942685591   256.756339075   0.21074566713   0.0646816432198 1584.89319246   0.0158489319246 
0.00122153022988 10373.5431661   0.0             0.0             0.500012898937  23.5451949252   266.383471935   0.216045952556  0.0689577056754 1584.89319246   0.0158489319246 
0.00125199139826 11076.5050338   0.0             0.0             0.500013891147  24.3979756608   276.031584592   0.221041846127  0.0733890168444 1584.89319246   0.0158489319246 
0.00128135294137 11803.7913253   0.0             0.0             0.500014917466  25.2530432096   285.705569585   0.225711288115  0.0779787529052 1584.89319246   0.0158489319246 
0.00130972553222 12552.222192    0.0             0.0             0.500015969841  26.0905186766   295.180522895   0.197283700492  0.0815317794261 1584.89319246   0.0158489319246 
0.00133712331954 13329.9433446   0.0             0.0             0.50001705061   26.9499121017   304.903449592   0.199327554288  0.0865331119045 1584.89319246   0.0158489319246 
0.00136361142853 14132.5061891   0.0             0.0             0.500018172879  27.8114936893   314.651132522   0.201222794478  0.0917006243808 1584.89319246   0.0158489319246 
0.00138924160308 14961.0567395   0.0             0.0             0.50001933669   28.6763681876   324.436070484   0.203231216811  0.0970426328937 1584.89319246   0.0158489319246 
0.00141405107029 15815.9959403   0.0             0.0             0.50002054158   29.5447749128   334.260971032   0.205283279161  0.102563736297  1584.89319246   0.0158489319246 
0.00143809031516 16697.3872039   0.0             0.0             0.500021787929  30.4166045034   344.124596881   0.207421518491  0.108269014724  1584.89319246   0.0158489319246 
0.0014614054411 17605.8847833   0.0             0.0             0.500023076185  31.2923177067   354.032160791   0.209754111309  0.114165736244  1584.89319246   0.0158489319246 
0.00148401959389 18542.180194    0.0             0.0             0.50002440575   32.1723578722   363.988678691   0.212316646311  0.120259286804  1584.89319246   0.0158489319246 
0.00150597067221 19506.174992    0.0             0.0             0.500025777014  33.0564147751   373.990640787   0.215044595206  0.126555044668  1584.89319246   0.0158489319246 
0.00152729595918 20498.465637    0.0             0.0             0.500027190602  33.9448178159   384.04177382    0.21795091477   0.133061766903  1584.89319246   0.0158489319246 
0.00154802486232 21507.894941    0.0             0.0             0.500028623617  34.8416986983   394.188822682   0.202767023165  0.138908519167  1584.89319246   0.0158489319246 
0.00156817350911 22557.8833488   0.0             0.0             0.500030072338  35.7415169258   404.36910381    0.204270102683  0.145634609915  1584.89319246   0.0158489319246 
0.00158777243051 23638.369221    0.0             0.0             0.500031555768  36.6467345633   414.610472289   0.205778845063  0.152550754619  1584.89319246   0.0158489319246 
0.00160685028225 24749.2893902   0.0             0.0             0.500033073711  37.5571943785   424.911149238   0.207261008903  0.159658466595  1584.89319246   0.0158489319246 
0.00162542140038 25891.4769516   0.0             0.0             0.500034624944  38.4732838848   435.275518872   0.208715353754  0.166959907071  1584.89319246   0.0158489319246 
0.00164350553724 27064.9940788   0.0             0.0             0.500036208718  39.3947651745   445.70088957    0.210139708444  0.174455734069  1584.89319246   0.0158489319246 
0.00166112698897 28270.2683322   0.0             0.0             0.500037824783  40.3216967183   456.187922855   0.211532492064  0.182148858598  1584.89319246   0.0158489319246 
0.001678308391  29508.1211796   0.0             0.0             0.500039472894  41.2544217975   466.740502511   0.212892655826  0.190043389802  1584.89319246   0.0158489319246 
0.00169506064205 30779.4067124   0.0             0.0             0.500041151777  42.1932720542   477.36238064    0.214219178567  0.198140986642  1584.89319246   0.0158489319246 
0.0017113980624 32084.1903918   0.0             0.0             0.500042860508  43.1379934665   488.050683311   0.215510254044  0.206441431829  1584.89319246   0.0158489319246 
0.00172734024185 33422.8037561   0.0             0.0             0.500044598779  44.0885389161   498.804877443   0.216814753314  0.214946715821  1584.89319246   0.0158489319246 
0.00174290551358 34796.0747713   0.0             0.0             0.500046366275  45.0452019772   509.628284448   0.218112364515  0.223660302701  1584.89319246   0.0158489319246 
0.00175810837983 36204.8497155   0.0             0.0             0.500048162361  46.0082627093   520.524072838   0.219376991415  0.232584820249  1584.89319246   0.0158489319246 
0.00177295319045 37649.7476923   0.0             0.0             0.500049985225  46.9778208445   531.493370952   0.220607848457  0.241719113874  1584.89319246   0.0158489319246 
0.00178745609664 39130.413044    0.0             0.0             0.500051834484  47.9533490513   542.530212717   0.221803401486  0.251062363168  1584.89319246   0.0158489319246 
0.00180163226671 40647.6526458   0.0             0.0             0.500053709735  48.9350916863   553.637362709   0.222963141425  0.260617348896  1584.89319246   0.0158489319246 
0.00181549596662 42202.2718001   0.0             0.0             0.500055610572  49.9232732434   564.817360791   0.224170183485  0.270386813068  1584.89319246   0.0158489319246 
0.00182905748349 43795.0938542   0.0             0.0             0.500057536131  50.9181081555   576.072632991   0.225376329179  0.280372362526  1584.89319246   0.0158489319246 
0.00184231992927 45426.5792367   0.0             0.0             0.500059484538  51.9195676087   587.402853318   0.226553050252  0.290571771046  1584.89319246   0.0158489319246 
0.00185529609816 47096.2810047   0.0             0.0             0.500061455325  52.9271004903   598.801786644   0.227699184349  0.300983652951  1584.89319246   0.0158489319246 
0.00186799805486 48804.9471      0.0             0.0             0.500063448012  53.9408823059   610.271418587   0.228853759053  0.311610335992  1584.89319246   0.0158489319246 
0.00188043719067 50553.3146101   0.0             0.0             0.500065462116  54.9610690032   621.813513495   0.23009103937   0.322454133711  1584.89319246   0.0158489319246 
0.00189261611529 52329.0751522   0.0             0.0             0.500067508888  56.0122223699   633.705956273   0.317105017253  0.334702690787  1584.89319246   0.0158489319246 
0.00190454613421 54156.6367189   0.0             0.0             0.500069590018  57.045299337    645.393887936   0.321915356734  0.346227019469  1584.89319246   0.0158489319246 
0.00191623352971 56024.6782109   0.0             0.0             0.500071693949  58.0844819656   657.150897274   0.326805585506  0.358000664301  1584.89319246   0.0158489319246 
0.00192768813632 57933.2840351   0.0             0.0             0.500073820596  59.1295029751   668.97396035    0.331792093441  0.370025990014  1584.89319246   0.0158489319246 
0.00193891926844 59883.0631411   0.0             0.0             0.500075969973  60.18044814     680.864047594   0.336875377498  0.382307090874  1584.89319246   0.0158489319246 
0.00194993575665 61874.6081495   0.0             0.0             0.500078142115  61.2373880442   692.821957572   0.342055159451  0.394847905457  1584.89319246   0.0158489319246 
0.00196074598028 63908.4995999   0.0             0.0             0.500080337072  62.3003813669   704.84835416    0.347329697161  0.407652225594  1584.89319246   0.0158489319246 
0.00197135666002 65985.3104493   0.0             0.0             0.500082554656  63.3694747783   716.943765376   0.352695809417  0.420722922087  1584.89319246   0.0158489319246 
0.00198176724718 68105.381806    0.0             0.0             0.500084793177  64.4445772042   729.107160829   0.358148242296  0.434057433148  1584.89319246   0.0158489319246 
0.00199198550908 70267.4767977   0.0             0.0             0.500087052708  65.5248594108   741.32915881    0.363676622023  0.447653151732  1584.89319246   0.0158489319246 
0.00200201882606 72472.021704    0.0             0.0             0.50008933332   66.6103315862   753.609874587   0.369273562057  0.461512481315  1584.89319246   0.0158489319246 
0.00201187421795 74719.4034982   0.0             0.0             0.500091635095  67.700983889    765.949196814   0.374930474816  0.475637523175  1584.89319246   0.0158489319246 
0.00202155836633 77009.9848029   0.0             0.0             0.500093958125  68.7967948473   778.346882567   0.380637752248  0.490030112639  1584.89319246   0.0158489319246 
0.00203107763561 79344.1016242   0.0             0.0             0.500096302507  69.897731175    790.802555255   0.386384904922  0.504691802527  1584.89319246   0.0158489319246 
0.00204043809315 81722.0613996   0.0             0.0             0.500098668347  71.0037477332   803.315704189   0.392160755157  0.519623845332  1584.89319246   0.0158489319246 
0.00204964276512 84144.1663232   0.0             0.0             0.500101055033  72.1147875445   815.885684745   0.397953589739  0.534824954023  1584.89319246   0.0158489319246 
0.00205869240429 86609.9401248   0.0             0.0             0.50010346135   73.2304464112   828.507923947   0.403749554128  0.550289154476  1584.89319246   0.0158489319246 
0.00206759696651 89089.9181326   0.0             0.0             0.50010591677   74.3214580516   840.851311615   0.312033449457  0.57056199804   1584.89319246   0.0158489319246 
0.00207635767236 91639.663327    0.0             0.0             0.500108420831  75.4447631024   853.560057516   0.313660863851  0.586823803724  1584.89319246   0.0158489319246 
0.00208497970746 94232.3815695   0.0             0.0             0.500110946995  76.5719995872   866.313282514   0.31528480807   0.603356519794  1584.89319246   0.0158489319246 
0.00209346802889 96867.8069124   0.0             0.0             0.500113495487  77.7029786465   879.108849909   0.316904891232  0.620159046969  1584.89319246   0.0158489319246 
0.00210182737566 99545.9357193   0.0             0.0             0.500116066427  78.837580161    891.945400706   0.31852322541   0.637231088712  1584.89319246   0.0158489319246 
0.00211006228156 102266.721251   0.0             0.0             0.500118659947  79.9756708539   904.821427052   0.320141953903  0.654572067965  1584.89319246   0.0158489319246 
0.0021181770868 105030.075838   0.0             0.0             0.50012127618   81.1171059041   917.735290481   0.321763261712  0.672181128519  1584.89319246   0.0158489319246 
0.00212617594846 107835.869179   0.0             0.0             0.500123915267  82.2617287688   930.685219912   0.323389417211  0.690057131247  1584.89319246   0.0158489319246 
0.00213405850806 110684.001772   0.0             0.0             0.50012657588   83.4093722458   943.669323673   0.325022786099  0.708193907008  1584.89319246   0.0158489319246 
0.00214182718009 113572.615263   0.0             0.0             0.500129257588  84.5592235379   956.678406009   0.326664957453  0.72658238275   1584.89319246   0.0158489319246 
0.00214948593643 116500.759802   0.0             0.0             0.500131960518  85.710857013    969.707651444   0.328318245088  0.745218108265  1584.89319246   0.0158489319246 
0.0021570385845 119468.063775   0.0             0.0             0.500134684797  86.8640784438   982.754862546   0.329985443444  0.764098331987  1584.89319246   0.0158489319246 
0.00216448877657 122474.106295   0.0             0.0             0.500137430557  88.0186820153   995.817710786   0.331669424447  0.78322000085   1584.89319246   0.0158489319246 
0.00217184001814 125518.420435   0.0             0.0             0.500140197932  89.1744516863   1008.89375194   0.333373093087  0.802579780674  1584.89319246   0.0158489319246 
0.00217909567569 128600.491836   0.0             0.0             0.500142987056  90.3311610668   1021.98042468   0.335099285235  0.822174070884  1584.89319246   0.0158489319246 
0.0021862589841 131719.759165   0.0             0.0             0.500145798067  91.4885741137   1035.07505851   0.33685061903   0.841999025802  1584.89319246   0.0158489319246 
0.0021933330535 134875.613161   0.0             0.0             0.500148631103  92.6464449882   1048.17487206   0.338662203206  0.862050582795  1584.89319246   0.0158489319246 
0.00220032087579 138067.395751   0.0             0.0             0.500151486307  93.8045179848   1061.27697237   0.340509197136  0.882324501612  1584.89319246   0.0158489319246 
0.00220722533061 141294.400682   0.0             0.0             0.500154363826  94.9625281277   1074.37836156   0.342386784902  0.902816406225  1584.89319246   0.0158489319246 
0.00221404919115 144555.873051   0.0             0.0             0.500157263814  96.120201087    1087.47593596   0.344294480255  0.923521827739  1584.89319246   0.0158489319246 
0.00222079399814 147851.043965   0.0             0.0             0.500160185941  97.2772528523   1100.56648235   0.346230483806  0.944434628655  1584.89319246   0.0158489319246 
0.00222745919471 151178.57229    0.0             0.0             0.500163128958  98.4331978476   1113.64450707   0.348191159929  0.96554371555   1584.89319246   0.0158489319246 
0.00223404747522 154535.844439   0.0             0.0             0.500166093038  99.587189769    1126.70043528   0.350170589019  0.986839104743  1584.89319246   0.0158489319246 
0.0022405614345 157921.904681   0.0             0.0             0.500169078363  100.738940977   1139.73101271   0.352162105411  1.00831631912   1584.89319246   0.0158489319246 
0.00224700357349 161335.747767   0.0             0.0             0.500172085126  101.888154483   1152.73287932   0.354157412502  1.02997091621   1584.89319246   0.0158489319246 
0.002253376304  164776.325065   0.0             0.0             0.50017511354   103.034524985   1165.70258101   0.356146757765  1.05179846482   1584.89319246   0.0158489319246 
0.0022596819532 168242.547242   0.0             0.0             0.500178163831  104.17773992    1178.63658154   0.358119226143  1.07379450949   1584.89319246   0.0158489319246 
0.00226592331297 171730.589202   0.0             0.0             0.500181243505  105.318894932   1191.54727669   0.357743640457  1.09672039133   1584.89319246   0.0158489319246 
0.00227210196508 175245.070804   0.0             0.0             0.500184352939  106.454368804   1204.3936971    0.359046232737  1.11906104893   1584.89319246   0.0158489319246 
0.00227822000266 178781.518289   0.0             0.0             0.500187485998  107.585616314   1217.19230166   0.360323457023  1.14153812965   1584.89319246   0.0158489319246 
0.00228427945262 182338.798771   0.0             0.0             0.500190642993  108.712298616   1229.93925679   0.361578259203  1.16414294273   1584.89319246   0.0158489319246 
0.00229028227566 185915.618803   0.0             0.0             0.500193824175  109.834067549   1242.63062351   0.362812464659  1.18686626066   1584.89319246   0.0158489319246 
0.00229623036913 189510.654974   0.0             0.0             0.5001970298    110.950575191   1255.26246551   0.364028007348  1.20969864562   1584.89319246   0.0158489319246 
0.00230212556983 193122.548836   0.0             0.0             0.500200260119  112.06147095    1267.8308163    0.365226762648  1.23263048035   1584.89319246   0.0158489319246 
0.00230796965698 196749.905437   0.0             0.0             0.500203515387  113.166397906   1280.33163779   0.366459709149  1.25565204221   1584.89319246   0.0158489319246 
0.00231376435494 200391.297882   0.0             0.0             0.500206795857  114.264995858   1292.76085477   0.367699444152  1.27875354587   1584.89319246   0.0158489319246 
0.00231951133576 204045.26647    0.0             0.0             0.500210101784  115.35689943    1305.1143335    0.368927212396  1.30192519608   1584.89319246   0.0158489319246 
0.00232521222143 207710.326258   0.0             0.0             0.500213433424  116.44174174    1317.38792316   0.37014353487   1.3251572464    1584.89319246   0.0158489319246 
0.0023308676573 211385.03119    0.0             0.0             0.500216790485  117.519157733   1329.57749364   0.371348671681  1.34843830727   1584.89319246   0.0158489319246 
0.00233647750426 215067.302803   0.0             0.0             0.500220172203  118.588607419   1341.67693564   0.372542510668  1.37175347448   1584.89319246   0.0158489319246 
0.00234204336713 218754.369321   0.0             0.0             0.500223578856  119.649409747   1353.67854395   0.37372471735   1.39508931233   1584.89319246   0.0158489319246 
0.00234756680242 222444.701048   0.0             0.0             0.500227010726  120.701221904   1365.57844009   0.374895387734  1.41843644764   1584.89319246   0.0158489319246 
0.00235304932018 226136.751314   0.0             0.0             0.500230468102  121.743700757   1377.37274196   0.376054784602  1.44178550265   1584.89319246   0.0158489319246 
0.00235849238638 229828.960817   0.0             0.0             0.500233951281  122.776503304   1389.05756891   0.377203439925  1.46512711553   1584.89319246   0.0158489319246 
0.00236389742499 233519.766722   0.0             0.0             0.500237460569  123.799291206   1400.62909308   0.378342251891  1.48845195512   1584.89319246   0.0158489319246 
0.00236926581959 237207.602144   0.0             0.0             0.500240996279  124.811730366   1412.08353462   0.379472560347  1.51175066133   1584.89319246   0.0158489319246 
0.0023745989152 240890.888362   0.0             0.0             0.500244558735  125.8134859     1423.41710472   0.380596201401  1.53501383717   1584.89319246   0.0158489319246 
0.00237989801999 244568.046134   0.0             0.0             0.500248148268  126.804227162   1434.62606255   0.38176257917   1.55823208625   1584.89319246   0.0158489319246 
0.00238516440669 248237.499681   0.0             0.0             0.500251765216  127.783628961   1445.706729     0.382928843314  1.58139601564   1584.89319246   0.0158489319246 
0.00239039852101 251885.136953   0.0             0.0             0.500255397145  128.759914096   1456.75213444   0.411427733629  1.60210718547   1584.89319246   0.0158489319246 
0.00239560233051 255533.59199    0.0             0.0             0.500259044506  129.715969927   1467.56867142   0.413366267825  1.62506058233   1584.89319246   0.0158489319246 
0.00240077701068 259169.60005    0.0             0.0             0.500262719326  130.659737146   1478.24617862   0.415317553082  1.64793235528   1584.89319246   0.0158489319246 
0.00240592370543 262791.684536   0.0             0.0             0.50026642197   131.590925899   1488.78137673   0.417283728646  1.67071331723   1584.89319246   0.0158489319246 
0.00241104352967 266398.31645    0.0             0.0             0.500270152781  132.509236437   1499.17087447   0.419266236961  1.69339412072   1584.89319246   0.0158489319246 
0.0024161375704 269987.98327    0.0             0.0             0.500273912111  133.414375799   1509.41135737   0.421266419242  1.71596549743   1584.89319246   0.0158489319246 
0.00242120688769 273559.19055    0.0             0.0             0.500277700313  134.306058544   1519.49959601   0.423285472965  1.73841825662   1584.89319246   0.0158489319246 
0.00242625251586 277110.460884   0.0             0.0             0.500281517743  135.184005071   1529.4324271    0.425324397636  1.76074331966   1584.89319246   0.0158489319246 
0.00243127546434 280640.344155   0.0             0.0             0.500285364762  136.047945457   1539.20679679   0.42738394826   1.78293174996   1584.89319246   0.0158489319246 
0.00243627671858 284147.416346   0.0             0.0             0.50028924173   136.897618599   1548.81975103   0.429464589223  1.8049747657    1584.89319246   0.0158489319246 
0.00244125724079 287630.284681   0.0             0.0             0.500293149013  137.732774653   1558.26846318   0.431566448443  1.82686373465   1584.89319246   0.0158489319246 
0.00244621797075 291087.580822   0.0             0.0             0.500297086974  138.553171196   1567.55019053   0.433689279083  1.84859016872   1584.89319246   0.0158489319246 
0.00245115982666 294517.965284   0.0             0.0             0.500301055982  139.358574355   1576.66228709   0.435832428225  1.87014577251   1584.89319246   0.0158489319246 
0.00245608370584 297920.137566   0.0             0.0             0.500305056405  140.14876258    1585.60224632   0.43799480811   1.89152245989   1584.89319246   0.0158489319246 
0.00246099048543 301292.830546   0.0             0.0             0.500309088613  140.923523592   1594.36766657   0.440174879494  1.91271233658   1584.89319246   0.0158489319246 
0.00246588102308 304634.809608   0.0             0.0             0.500313152976  141.682653953   1602.95624619   0.442370640609  1.93370770534   1584.89319246   0.0158489319246 
0.00247075615771 307944.875175   0.0             0.0             0.500317249867  142.425959629   1611.36578993   0.444579622377  1.95450109457   1584.89319246   0.0158489319246 
0.00247561671006 311221.868185   0.0             0.0             0.500321379657  143.153257952   1619.59423115   0.44679889867   1.97508531067   1584.89319246   0.0158489319246 
0.00248046348319 314464.679659   0.0             0.0             0.500325542719  143.864381354   1627.63967403   0.449025137538  1.99545345675   1584.89319246   0.0158489319246 
0.00248529726304 317672.246367   0.0             0.0             0.500329739429  144.559175063   1635.50036751   0.451254606951  2.01559888899   1584.89319246   0.0158489319246 
0.00249011881907 320843.542911   0.0             0.0             0.500333970161  145.237493261   1643.17466187   0.453483224292  2.0355152129    1584.89319246   0.0158489319246 
0.00249492890469 323977.588116   0.0             0.0             0.500338235291  145.89920179    1650.66103929   0.455706626249  2.05519632859   1584.89319246   0.0158489319246 
0.00249972825778 327073.447977   0.0             0.0             0.500342535197  146.544179027   1657.95812373   0.457920229623  2.07463644063   1584.89319246   0.0158489319246 
0.00250451760111 330130.237668   0.0             0.0             0.500346870256  147.172316397   1665.06468684   0.460119310941  2.09383006852   1584.89319246   0.0158489319246 
0.00250929764278 333147.122668   0.0             0.0             0.500351240849  147.783518545   1671.97964978   0.462299094822  2.1127720716    1584.89319246   0.0158489319246 
0.00251406859042 336123.384534   0.0             0.0             0.500355646906  148.377705566   1678.70210852   0.464454848935  2.13145692856   1584.89319246   0.0158489319246 
0.00251883097265 339057.964011   0.0             0.0             0.500360088656  148.95475476    1685.23067489   0.466581773057  2.14987886023   1584.89319246   0.0158489319246 
0.00252358550187 341950.082032   0.0             0.0             0.500364566509  149.514600039   1691.56460118   0.468675485606  2.1680335288    1584.89319246   0.0158489319246 
0.00252833287579 344799.157424   0.0             0.0             0.500369080876  150.057212215   1697.70355717   0.470732072048  2.18591743816   1584.89319246   0.0158489319246 
0.00253307377776 347604.673742   0.0             0.0             0.500373632169  150.582579811   1703.647413     0.472748116939  2.20352744418   1584.89319246   0.0158489319246 
0.00253780887721 350366.161133   0.0             0.0             0.500378220804  151.090702472   1709.39616468   0.474720845118  2.22086069353   1584.89319246   0.0158489319246 
0.00254253883023 353083.195364   0.0             0.0             0.500382847196  151.581589293   1714.94991507   0.476648271711  2.23791465635   1584.89319246   0.0158489319246 
0.00254726427974 355755.40753    0.0             0.0             0.500387511761  152.05526352    1720.3089272    0.478529365487  2.25468711725   1584.89319246   0.0158489319246 
0.00255196747077 358384.831168   0.0             0.0             0.500392196563  152.511760614   1725.47360226   0.48036423775   2.27115237954   1584.89319246   0.0158489319246 
0.00255664910371 360958.835889   0.0             0.0             0.500396901652  152.949442397   1730.42540636   0.482147478327  2.28727096785   1584.89319246   0.0158489319246 
0.00256131026391 363477.686582   0.0             0.0             0.500401627447  153.368565265   1735.16724032   0.483973314174  2.30304554815   1584.89319246   0.0158489319246 
0.00256595200064 365941.988004   0.0             0.0             0.50040637436   153.769439326   1739.70261258   0.48578276248   2.31847995264   1584.89319246   0.0158489319246 
0.00257057532857 368352.374759   0.0             0.0             0.500411142796  154.152378604   1744.03507595   0.487570629632  2.33357817343   1584.89319246   0.0158489319246 
0.00257518122934 370709.507106   0.0             0.0             0.500415933153  154.517699483   1748.16820989   0.489347384338  2.34834433222   1584.89319246   0.0158489319246 
0.00257977065307 373014.067508   0.0             0.0             0.500420745822  154.865719895   1752.10561137   0.491126132778  2.36278267258   1584.89319246   0.0158489319246 
0.00258434451974 375266.762837   0.0             0.0             0.50042558118   155.196760521   1755.85090852   0.492922951369  2.37689755346   1584.89319246   0.0158489319246 
0.00258890372038 377468.320916   0.0             0.0             0.500430439591  155.51114443    1759.40775643   0.494757186703  2.3906934132    1584.89319246   0.0158489319246 
0.00259344911834 379619.484334   0.0             0.0             0.500435321403  155.809196852   1762.77983464   0.496651652588  2.40417474421   1584.89319246   0.0158489319246 
0.00259798155032 381721.009122   0.0             0.0             0.500440226945  156.091245224   1765.97084771   0.498820735464  2.41734607965   1584.89319246   0.0158489319246 
0.00260250182751 383773.660436   0.0             0.0             0.500445156518  156.357618504   1768.98451735   0.501131682278  2.4302119525    1584.89319246   0.0158489319246 
0.00260701073658 385778.20215    0.0             0.0             0.500450110402  156.608645898   1771.82456811   0.503594871143  2.4427768519    1584.89319246   0.0158489319246 
0.0026115090406 387735.389687   0.0             0.0             0.500455088842  156.84465579    1774.49471523   0.506236949093  2.45504519902   1584.89319246   0.0158489319246 
0.00261599747992 389645.963043   0.0             0.0             0.500460092055  157.065973794   1776.99864262   0.509080489497  2.46702132664   1584.89319246   0.0158489319246 
0.00262047677304 391510.640479   0.0             0.0             0.500465120228  157.272920228   1779.33997424   0.512140026119  2.47870947074   1584.89319246   0.0158489319246 
0.00262494761732 393330.116873   0.0             0.0             0.500470173524  157.465807454   1781.52224409   0.515540731628  2.49011379049   1584.89319246   0.0158489319246 
0.00262941068962 395105.070999   0.0             0.0             0.500475252093  157.644937521   1783.54886946   0.519141471075  2.50123840626   1584.89319246   0.0158489319246 
0.00263386664694 396836.176181   0.0             0.0             0.50048035608   157.810597909   1785.42310279   0.522860967296  2.51208746079   1584.89319246   0.0158489319246 
0.00263831612712 398524.122266   0.0             0.0             0.500485485654  157.963060066   1787.14801519   0.526633311731  2.52266523022   1584.89319246   0.0158489319246 
0.00264275974928 400169.646143   0.0             0.0             0.500490641017  158.102582547   1788.72653187   0.530377887176  2.532976253     1584.89319246   0.0158489319246 
0.0026471981143 401773.554263   0.0             0.0             0.500495822429  158.229415216   1790.16147972   0.534008007745  2.54302542893   1584.89319246   0.0158489319246 
0.00265163180524 403336.728191   0.0             0.0             0.500501030219  158.343805009   1791.45565249   0.537441853346  2.5528180661    1584.89319246   0.0158489319246 
0.00265606138777 404860.112204   0.0             0.0             0.500506264791  158.446003136   1792.61189231   0.540818076372  2.56235985609   1584.89319246   0.0158489319246 
0.00266048741059 406344.683373   0.0             0.0             0.500511526616  158.536270098   1793.63314641   0.543943654373  2.57165677221   1584.89319246   0.0158489319246 
0.00266491040607 407791.415045   0.0             0.0             0.500516816222  158.614877942   1794.52249264   0.546774067204  2.58071493263   1584.89319246   0.0158489319246 
0.00266933089063 409201.250206   0.0             0.0             0.500522134175  158.682111123   1795.28314925   0.549303296477  2.58954046485   1584.89319246   0.0158489319246 
0.00267374864348 410575.177102   0.0             0.0             0.500527480185  158.738264397   1795.91845102   0.551568736347  2.59813900015   1584.89319246   0.0158489319246 
0.00267816389105 411913.767709   0.0             0.0             0.500532854512  158.78363249    1796.43173241   0.553859067407  2.60651528954   1584.89319246   0.0158489319246 
0.00268257711879 413217.7326     0.0             0.0             0.50053825773   158.8185226     1796.82646893   0.555916428559  2.61467471159   1584.89319246   0.0158489319246 
0.00268698879729 414487.870704   0.0             0.0             0.500543690394  158.843244611   1797.10616656   0.557775607441  2.62262281538   1584.89319246   0.0158489319246 
0.00269139938272 415724.957536   0.0             0.0             0.500549153031  158.858104628   1797.27428846   0.559472282823  2.63036493824   1584.89319246   0.0158489319246 
0.0026958093172 416929.753387   0.0             0.0             0.500554646145  158.863403211   1797.33423509   0.561123564586  2.63790621372   1584.89319246   0.0158489319246 
0.00270021902916 418103.009335   0.0             0.0             0.500560170211  158.859434382   1797.28933291   0.562819938687  2.64525159792   1584.89319246   0.0158489319246 
0.00270462893371 419245.469177   0.0             0.0             0.500565725682  158.846485255   1797.14283026   0.564425575948  2.65240590426   1584.89319246   0.0158489319246 
0.00270903943295 420357.870158   0.0             0.0             0.500571312989  158.824836208   1796.89789926   0.565963104933  2.65937385366   1584.89319246   0.0158489319246 
0.00271345091623 421440.943507   0.0             0.0             0.500576932542  158.794761087   1796.55763811   0.567451254228  2.66616007789   1584.89319246   0.0158489319246 
0.00271786376044 422495.414338   0.0             0.0             0.500582584739  158.7565275     1796.12507444   0.568905136906  2.67276912757   1584.89319246   0.0158489319246 
0.0027222783303 423522.000342   0.0             0.0             0.500588269962  158.71039704    1795.60316787   0.570336638919  2.67920547932   1584.89319246   0.0158489319246 
0.00272669499103 424516.34562    0.0             0.0             0.500593990196  158.644928026   1794.86247052   0.560599222937  2.6838381468    1584.89319246   0.0158489319246 
0.0027311140741 425488.345713   0.0             0.0             0.500599745638  158.583989193   1794.17302634   0.563148068894  2.68990072122   1584.89319246   0.0158489319246 
0.00273553591146 426434.433071   0.0             0.0             0.500605534874  158.515844116   1793.4020528    0.565644705568  2.69579899088   1584.89319246   0.0158489319246 
0.00273996082241 427355.368695   0.0             0.0             0.500611358217  158.440771159   1792.55269925   0.568097449867  2.70153777736   1584.89319246   0.0158489319246 
0.00274438911518 428251.828134   0.0             0.0             0.50061721598   158.359009543   1791.62767216   0.570513587616  2.70712155243   1584.89319246   0.0158489319246 
0.00274882108709 429124.47616    0.0             0.0             0.500623108462  158.270794674   1790.62963485   0.572899349776  2.7125546853    1584.89319246   0.0158489319246 
0.0027532570248 429973.964822   0.0             0.0             0.500629035958  158.176357656   1789.56120195   0.575260076716  2.7178414431    1584.89319246   0.0158489319246 
0.0027576972044 430800.933139   0.0             0.0             0.500634998754  158.075925266   1788.42493917   0.577600379575  2.72298599346   1584.89319246   0.0158489319246 
0.00276214189162 431606.007452   0.0             0.0             0.500640997131  157.969720069   1787.22336453   0.579924274479  2.72799240478   1584.89319246   0.0158489319246 
0.00276659134193 432389.799893   0.0             0.0             0.50064703136   157.857959853   1785.95894203   0.582235292272  2.73286464351   1584.89319246   0.0158489319246 
0.00277104580082 433152.908099   0.0             0.0             0.500653101708  157.740857482   1784.63407993   0.58453656531   2.73760658153   1584.89319246   0.0158489319246 
0.00277550550391 433895.916971   0.0             0.0             0.500659208432  157.618621417   1783.25113672   0.586830895966  2.74222200367   1584.89319246   0.0158489319246 
0.00277997067716 434619.398137   0.0             0.0             0.500665351785  157.491455602   1781.81241976   0.589120807952  2.74671460862   1584.89319246   0.0158489319246 
0.00278444153699 435323.910076   0.0             0.0             0.500671532011  157.35955947    1780.32018537   0.591408584628  2.75108801305   1584.89319246   0.0158489319246 
0.00278891829042 436009.998789   0.0             0.0             0.50067774935   157.223128076   1778.77664035   0.593696295906  2.75534575216   1584.89319246   0.0158489319246 
0.00279340113527 436678.197394   0.0             0.0             0.500684004035  157.082351943   1777.18394021   0.59598581685   2.75949127838   1584.89319246   0.0158489319246 
0.00279789026028 437329.025957   0.0             0.0             0.500690296294  156.937416963   1775.5441881    0.598278839192  2.7635279635    1584.89319246   0.0158489319246 
0.00280238584523 437962.992534   0.0             0.0             0.500696626349  156.788504681   1773.85943795   0.600576878022  2.76745910584   1584.89319246   0.0158489319246 
0.00280688806113 438580.595051   0.0             0.0             0.500702994421  156.635792539   1772.13169729   0.602881275644  2.77128793035   1584.89319246   0.0158489319246 
0.00281139707031 439182.319904   0.0             0.0             0.500709400722  156.479453661   1770.3629248    0.605193203703  2.77501757172   1584.89319246   0.0158489319246 
0.00281591302658 439768.63975    0.0             0.0             0.500715845466  156.319656456   1768.55502581   0.607513664813  2.7786510709    1584.89319246   0.0158489319246 
0.00282043607537 440340.015674   0.0             0.0             0.500722328861  156.156564837   1766.70985477   0.609843495493  2.78219138211   1584.89319246   0.0158489319246 
0.00282496635394 440896.897672   0.0             0.0             0.500728851112  155.990338403   1764.82921735   0.61218337141   2.7856413689    1584.89319246   0.0158489319246 
0.00282950399143 441439.72357    0.0             0.0             0.500735412422  155.821132681   1762.91487313   0.614533814926  2.78900380405   1584.89319246   0.0158489319246 
0.00283404910901 441968.92003    0.0             0.0             0.500742012992  155.649099566   1760.96854062   0.616895205359  2.7922813707    1584.89319246   0.0158489319246 
0.00283860182001 442484.902898   0.0             0.0             0.50074865302   155.474387146   1758.99189523   0.619267790858  2.79547665758   1584.89319246   0.0158489319246 
0.00284316223006 442988.075952   0.0             0.0             0.500755332702  155.297139183   1756.98656345   0.621651701943  2.79859215721   1584.89319246   0.0158489319246 
0.00284773043721 443478.8312     0.0             0.0             0.50076205223   155.117495286   1754.95412476   0.624046966096  2.80163027039   1584.89319246   0.0158489319246 
0.00285230653214 443957.549777   0.0             0.0             0.500768811797  154.93559132    1752.89611631   0.626453522495  2.80459331117   1584.89319246   0.0158489319246 
0.00285689059826 444424.602096   0.0             0.0             0.500775611588  154.751559492   1750.81403385   0.628871236544  2.80748351039   1584.89319246   0.0158489319246 
0.00286148271183 444880.347944   0.0             0.0             0.50078245179   154.56552842    1748.70933254   0.631299913743  2.81030301942   1584.89319246   0.0158489319246 
0.00286608294216 445325.136599   0.0             0.0             0.50078933258   154.377623197   1746.58342762   0.633739312016  2.81305391424   1584.89319246   0.0158489319246 
0.00287069135172 445759.307047   0.0             0.0             0.500796254138  154.187965455   1744.43769521   0.636189152759  2.81573820065   1584.89319246   0.0158489319246 
0.00287530799628 446183.188288   0.0             0.0             0.500803216634  153.996673582   1742.27347473   0.63864912994   2.81835781765   1584.89319246   0.0158489319246 
0.00287993292509 446597.099109   0.0             0.0             0.500810220236  153.80386263    1740.09206781   0.64111891828   2.82091463783   1584.89319246   0.0158489319246 
0.00288456618103 447001.3486     0.0             0.0             0.500817265106  153.609643991   1737.89473475   0.643598180426  2.82341047087   1584.89319246   0.0158489319246 
0.00288920836345 447395.965403   0.0             0.0             0.500824359362  153.393143743   1735.44531405   0.64608869356   2.82024994525   1584.89319246   0.0158489319246 
0.00289385895465 447782.031714   0.0             0.0             0.500831502616  153.196105468   1733.21608045   0.6485861098    2.82250774111   1584.89319246   0.0158489319246 
0.00289851797912 448159.62387    0.0             0.0             0.500838688044  152.998009693   1730.97488259   0.651092055757  2.82470918264   1584.89319246   0.0158489319246 
0.00290318545575 448528.704338   0.0             0.0             0.500845915661  152.798915139   1728.72238485   0.653625437131  2.82685480923   1584.89319246   0.0158489319246 
0.00290786139794 448889.534678   0.0             0.0             0.500853185617  152.5989169     1726.45966307   0.656186770849  2.82894614334   1584.89319246   0.0158489319246 
0.00291254581362 449242.368638   0.0             0.0             0.500860498047  152.398107176   1724.18776039   0.658755092791  2.8309846541    1584.89319246   0.0158489319246 
0.00291723870539 449587.450909   0.0             0.0             0.500867853079  152.196574944   1721.90768346   0.661329891506  2.83297176227   1584.89319246   0.0158489319246 
0.00292194007073 449925.019051   0.0             0.0             0.500875250837  151.994406427   1719.62040779   0.663910670778  2.83490884547   1584.89319246   0.0158489319246 
0.00292664990209 450255.302874   0.0             0.0             0.500882691437  151.791684862   1717.3268751    0.666496947449  2.83679723359   1584.89319246   0.0158489319246 
0.00293136818714 450578.52363    0.0             0.0             0.500890174987  151.58849034    1715.02799151   0.669088249435  2.83863820802   1584.89319246   0.0158489319246 
0.00293609490888 450894.894931   0.0             0.0             0.500897701592  151.384899993   1712.72462967   0.671684113675  2.84043300652   1584.89319246   0.0158489319246 
0.00294083004587 451204.622849   0.0             0.0             0.500905271352  151.18098796    1710.41762837   0.67428408472   2.84218282231   1584.89319246   0.0158489319246 
0.00294557357232 451507.905485   0.0             0.0             0.500912884363  150.976825215   1708.10779059   0.676887713559  2.84388880979   1584.89319246   0.0158489319246 
0.00295032545831 451804.934962   0.0             0.0             0.500920540713  150.772480251   1705.79589123   0.679494556898  2.84555209412   1584.89319246   0.0158489319246 
0.00295508566986 452095.898143   0.0             0.0             0.500928240486  150.568019486   1703.48268174   0.682104175353  2.84717376946   1584.89319246   0.0158489319246 
0.00295985416913 452380.975319   0.0             0.0             0.50093598376   150.363506793   1701.16888474   0.68471613165   2.8487548928    1584.89319246   0.0158489319246 
0.00296463091458 452660.339746   0.0             0.0             0.500943770606  150.159003116   1698.85518975   0.687329991234  2.85029648332   1584.89319246   0.0158489319246 
0.00296941586122 452934.157684   0.0             0.0             0.500951601089  149.954566501   1696.54225348   0.689945321968  2.85179952496   1584.89319246   0.0158489319246 
0.0029742089607 453202.588842   0.0             0.0             0.500959475273  149.750252303   1694.23070221   0.692561693786  2.85326497042   1584.89319246   0.0158489319246 
0.00297901016149 453465.786721   0.0             0.0             0.500967393218  149.5461133     1691.92113303   0.695178678277  2.85469374505   1584.89319246   0.0158489319246 
0.00298381940908 453723.89958    0.0             0.0             0.500975354981  149.342200051   1689.61411798   0.697795848259  2.8560867506    1584.89319246   0.0158489319246 
0.00298863664612 453977.070374   0.0             0.0             0.50098336061   149.138560865   1687.31020359   0.700412777025  2.85744486529   1584.89319246   0.0158489319246 
0.00299346181259 454225.436784   0.0             0.0             0.500991410153  148.935241764   1685.00991055   0.703029037995  2.8587689447    1584.89319246   0.0158489319246 
0.00299829484595 454469.131354   0.0             0.0             0.500999503649  148.732286519   1682.71373406   0.705644203714  2.86005982295   1584.89319246   0.0158489319246 
0.00300313568134 454708.281736   0.0             0.0             0.50100764114   148.529736779   1680.42214535   0.708257845328  2.86131831341   1584.89319246   0.0158489319246 
0.00300798425167 454943.01069    0.0             0.0             0.501015822657  148.327632096   1678.13559187   0.710869530679  2.86254520864   1584.89319246   0.0158489319246 
0.00301284048783 455173.436186   0.0             0.0             0.501024048228  148.126009908   1675.85449721   0.713478822058  2.86374128217   1584.89319246   0.0158489319246 
0.00301770431883 455399.671901   0.0             0.0             0.501032317878  147.924905669   1673.57926248   0.716085274879  2.86490728962   1584.89319246   0.0158489319246 
0.00302257567194 455621.827359   0.0             0.0             0.50104063163   147.724352922   1671.31026717   0.71868843664   2.86604396548   1584.89319246   0.0158489319246 
0.00302745447285 455840.007242   0.0             0.0             0.501048989509  147.524383223   1669.04786828   0.721287844376  2.86715202399   1584.89319246   0.0158489319246 
0.00303234064582 456054.311797   0.0             0.0             0.501057391532  147.325026203   1666.79240106   0.723883021089  2.86823216335   1584.89319246   0.0158489319246 
0.00303723411381 456264.837546   0.0             0.0             0.501065837716  147.126309732   1664.54418084   0.72647347313   2.86928506487   1584.89319246   0.0158489319246 
0.00304213479863 456471.677112   0.0             0.0             0.501074328073  146.928259945   1662.30350328   0.729058687401  2.87031139179   1584.89319246   0.0158489319246 
0.00304704262108 456674.919366   0.0             0.0             0.501082862611  146.730901268   1660.07064474   0.731638128284  2.87131179094   1584.89319246   0.0158489319246 
0.00305195750109 456874.649693   0.0             0.0             0.501091441335  146.534256565   1657.84586389   0.734211233836  2.87228689339   1584.89319246   0.0158489319246 
0.00305687935783 457070.950233   0.0             0.0             0.50110006425   146.338347275   1655.6294033    0.736777412248  2.87323731358   1584.89319246   0.0158489319246 
0.00306180810988 457263.89958    0.0             0.0             0.50110873136   146.143193185   1653.42148681   0.739336039932  2.87416364859   1584.89319246   0.0158489319246 
0.00306674367532 457453.572734   0.0             0.0             0.501117442661  145.948812384   1651.22231909   0.741886458182  2.87506647883   1584.89319246   0.0158489319246 
0.0030716859719 457640.041476   0.0             0.0             0.501126198149  145.75522149    1649.03208814   0.744427968521  2.87594636859   1584.89319246   0.0158489319246 
0.00307663491714 457823.374532   0.0             0.0             0.501134997813  145.56243571    1646.85096602   0.746959829288  2.87680386633   1584.89319246   0.0158489319246 
0.00308159042846 458003.637608   0.0             0.0             0.501143841642  145.37046886    1644.67910905   0.749481252404  2.87763950449   1584.89319246   0.0158489319246 
0.0030865524233 458180.893418   0.0             0.0             0.501152729627  145.179333396   1642.51665812   0.751991400571  2.87845379974   1584.89319246   0.0158489319246 
0.00309152081925 458355.201966   0.0             0.0             0.501161661756  144.989040526   1640.36374006   0.754489384506  2.87924725447   1584.89319246   0.0158489319246 
0.00309649553411 458526.620694   0.0             0.0             0.501170638018  144.799600281   1638.22046835   0.756974260498  2.88002035682   1584.89319246   0.0158489319246 
0.00310147648606 458695.204465   0.0             0.0             0.501179658398  144.611021512   1636.08694313   0.759445028488  2.88077358078   1584.89319246   0.0158489319246 
0.00310646359372 458861.005656   0.0             0.0             0.501188722878  144.423311941   1633.96325176   0.761900631045  2.88150738683   1584.89319246   0.0158489319246 
0.00311145677627 459024.074248   0.0             0.0             0.501197831442  144.236478205   1631.84946933   0.764339953182  2.88222222347   1584.89319246   0.0158489319246 
0.00311645595353 459184.458121   0.0             0.0             0.501206984066  144.050525966   1629.74565991   0.766761823511  2.88291852983   1584.89319246   0.0158489319246 
0.00312146104607 459342.203578   0.0             0.0             0.501216180727  143.865460084   1627.65187846   0.769165016774  2.88359673539   1584.89319246   0.0158489319246 
0.00312647197528 459497.354708   0.0             0.0             0.5012254214    143.681284425   1625.56816874   0.771548256669  2.88425725888   1584.89319246   0.0158489319246 
0.00313148866346 459649.95303    0.0             0.0             0.501234706058  143.498001853   1623.49456315   0.773910219757  2.88490050944   1584.89319246   0.0158489319246 
0.00313651103392 459800.038065   0.0             0.0             0.501244034671  143.315614425   1621.43108495   0.776249543813  2.8855268886    1584.89319246   0.0158489319246 
0.00314153901107 459947.647335   0.0             0.0             0.50125340721   143.134123264   1619.37774687   0.77856483912   2.88613679207   1584.89319246   0.0158489319246 
0.00314657252045 460092.816481   0.0             0.0             0.501262823646  142.953528617   1617.33455167   0.780854700409  2.88673061224   1584.89319246   0.0158489319246 
0.00315161148886 460235.579451   0.0             0.0             0.501272283947  142.773829956   1615.3014934    0.783117721378  2.88730874022   1584.89319246   0.0158489319246 
0.00315665584439 460375.968557   0.0             0.0             0.501281788079  142.595026033   1613.27855794   0.785352512486  2.88787156729   1584.89319246   0.0158489319246 
0.00316170551648 460514.01445    0.0             0.0             0.501291336006  142.417114929   1611.26572357   0.787557722116  2.88841948727   1584.89319246   0.0158489319246 
0.00316676043601 460649.746601   0.0             0.0             0.501300927689  142.240094218   1609.26296285   0.789732060986  2.8889528982    1584.89319246   0.0158489319246 
0.00317182053531 460783.193154   0.0             0.0             0.501310563089  142.063960827   1607.27024101   0.791874330866  2.88947220348   1584.89319246   0.0158489319246 
0.00317688574825 460914.380634   0.0             0.0             0.501320242166  141.888710922   1605.28751467   0.79398345631   2.88997781287   1584.89319246   0.0158489319246 
0.00318195601027 461043.334322   0.0             0.0             0.50132996488   141.714340087   1603.31473387   0.796058519474  2.89047014297   1584.89319246   0.0158489319246 
0.00318703125843 461170.078322   0.0             0.0             0.501339731194  141.540843314   1601.35184195   0.798098798259  2.89094962019   1584.89319246   0.0158489319246 
0.00319210987486 461294.987013   0.0             0.0             0.501349527581  141.403773251   1599.80107122   0.800126294502  2.90612460785   1584.89319246   0.0158489319246 
0.00319719333466 461416.893753   0.0             0.0             0.501359356328  141.232469025   1597.86298515   0.802095171153  2.90678235875   1584.89319246   0.0158489319246 
0.0032022815799 461536.045627   0.0             0.0             0.501369227685  141.061969997   1595.93400884   0.804028527224  2.90742585222   1584.89319246   0.0158489319246 
0.00320737455437 461653.079457   0.0             0.0             0.501379141987  140.892324022   1594.01468373   0.805926996142  2.90805751753   1584.89319246   0.0158489319246 
0.00321247220362 461768.008616   0.0             0.0             0.501389099174  140.723520823   1592.10489354   0.807791464823  2.90867779533   1584.89319246   0.0158489319246 
