0.0             585.158358409   0.0             0.0             0.5             3.23644514184   36.6161969078   0.0735430188416 0.00398070085742 3131.43632727   0.031676900957  
6.103515625e-05 585.155639101   0.0             0.0             0.500000027336  3.23644458098   36.6161905623   0.0735420686356 0.00407812847911 3131.4183989    0.031676900885  
0.0001220703125 616.834388887   0.0             0.0             0.500000060732  3.35615464169   37.9705552936   0.0747941959033 0.00427021725514 3128.90600335   0.0316760281927 
0.00018310546875 649.985745826   0.0             0.0             0.5000001       3.47761895315   39.3447671065   0.0761258933738 0.00447693489087 3126.14959932   0.0316751445799 
0.000244140625  685.224065183   0.0             0.0             0.50000014614   3.60299434471   40.7632277395   0.0775347171682 0.00470068022366 3123.13727206   0.0316742319325 
0.00030517578125 722.672192122   0.0             0.0             0.500000200189  3.73236857974   42.2269301219   0.0790248638539 0.0049428171807 3119.90257686   0.0316732895486 
0.0003662109375 762.470631593   0.0             0.0             0.500000263289  3.86587128011   43.7373407578   0.0805998978717 0.00520492595702 3116.49344704   0.0316723163228 
0.00042724609375 804.768806615   0.0             0.0             0.500000336699  4.0036365132    45.2959764462   0.0822617886961 0.00548878453755 3112.97328315   0.0316713111211 
0.00048828125   849.725660388   0.0             0.0             0.500000421812  4.14580315683   46.9044084105   0.0840096905314 0.00579638533852 3109.42534144   0.0316702727725 
0.00054931640625 897.51001532    0.0             0.0             0.50000052017   4.2925145051    48.5642578383   0.0858385177924 0.00612994902292 3105.95925639   0.0316692000809 
0.0006103515625 948.3008512     0.0             0.0             0.500000633477  4.44391770989   50.2771895632   0.0877374119817 0.00649188009847 3102.71792131   0.0316680918435 
0.00067138671875 1002.28738227   0.0             0.0             0.500000763609  4.60016233889   52.0448957502   0.0896870944751 0.0068846747183 3099.94236352   0.0316669468455 
0.000732421875  1059.6690216    0.0             0.0             0.500000912608  4.76139866486   53.8690765417   0.0916572584007 0.00731074704876 3098.34935422   0.0316657638576 
0.00079345703125 1120.6554297    0.0             0.0             0.500001082652  4.92777604372   55.751421707    0.0936050023489 0.00777215587752 3097.59320062   0.031664541636  
0.0008544921875 1185.46700187   0.0             0.0             0.500001276008  5.09944172241   57.6935971549   0.0954751998399 0.00827022112105 3097.89634411   0.0316632789092 
0.00091552734375 1254.33638787   0.0             0.0             0.50000149493   5.27654117477   59.6972487343   0.0972045641351 0.00880508010796 3099.44597683   0.0316619743429 
0.0009765625    1327.51162295   0.0             0.0             0.500001741543  5.45922122791   61.764037604    0.0987308004343 0.00937532637134 3102.33271418   0.0316606264816 
0.00103759765625 1405.26090662   0.0             0.0             0.500002017697  5.64763685094   63.8957170397   0.100006351652  0.0099779835602 3106.47580691   0.0316592336701 
0.0010986328125 1487.87797149   0.0             0.0             0.500002324858  5.84196070921   66.0942405265   0.101012865746  0.0106090526286 3111.5606903    0.031657793981  
0.00115966796875 1575.68608077   0.0             0.0             0.500002664072  6.04239233591   68.361865525    0.101769775641  0.0112646274465 3117.02715197   0.0316563051879 
0.001220703125  1669.03917394   0.0             0.0             0.500003036036  6.24916307989   70.7012094485   0.102351608911  0.0119421787854 3122.14021179   0.0316547648074 
0.00128173828125 1768.32058969   0.0             0.0             0.500003441263  6.4625350756    73.1152380098   0.102823342803  0.012641426613  3126.15562454   0.0316531701949 
0.0013427734375 1873.94136      0.0             0.0             0.500003880291  6.68279592561   75.6072050606   0.103261362887  0.0133644912916 3128.55644167   0.0316515186491 
0.00140380859375 1986.33991348   0.0             0.0             0.500004353867  6.91025241195   78.1805814432   0.103741979199  0.0141154566741 3129.24812525   0.0316498074822 
0.00146484375   2105.98377872   0.0             0.0             0.500004863079  7.14522574643   80.8390012545   0.104327069619  0.0148996934852 3128.5393503    0.0316480340452 
0.00152587890625 2233.37287417   0.0             0.0             0.500005409434  7.38804927366   83.5862358583   0.105061480174  0.0157232302069 3126.91026553   0.0316461957159 
0.0015869140625 2369.04369019   0.0             0.0             0.50000599487   7.63906843364   86.426193462    0.105974055989  0.0165923050449 3124.78258618   0.0316442898702 
0.00164794921875 2513.5738598    0.0             0.0             0.500006621755  7.89864235739   89.3629371692   0.107080551625  0.017513115798  3122.42670724   0.0316423138489 
0.001708984375  2667.58691309   0.0             0.0             0.500007292856  8.16714645382   92.400714247    0.108387088637  0.0184917287204 3119.97207064   0.0316402649311 
0.00177001953125 2831.75723811   0.0             0.0             0.500008011315  8.44497553985   95.5439915389   0.109893405071  0.0195340934931 3117.84975473   0.031638140315  
0.0018310546875 3006.81537513   0.0             0.0             0.500008780619  8.73254721416   98.7974936346   0.111595487513  0.0206461195491 3115.89306414   0.0316359371077 
0.00189208984375 3193.55372646   0.0             0.0             0.500009604587  9.03030485512   102.166236788   0.113486761445  0.0218337857086 3113.90188379   0.0316336523258 
0.001953125     3392.8330661    0.0             0.0             0.500010487357  9.338721634     105.65557432    0.115566900425  0.0231032496655 3111.79741148   0.0316312828948 
0.00201416015625 3605.58980093   0.0             0.0             0.500011433386  9.65830434472   109.271239951   0.117828069393  0.0244609621973 3109.4883642    0.0316288256536 
0.0020751953125 3832.84410366   0.0             0.0             0.500012447453  9.98959693363   113.019387729   0.120259673225  0.0259137829543 3106.87318466   0.0316262773665 
0.00213623046875 4075.70912178   0.0             0.0             0.500013534671  10.3331842601   116.906634585   0.122855358803  0.0274690936204 3103.84220683   0.0316236347393 
0.002197265625  4335.40158111   0.0             0.0             0.500014700506  10.6896970594   120.940116472   0.125608838458  0.0291349079214 3100.27953677   0.031620894431  
0.00225830078125 4613.25379202   0.0             0.0             0.500015950793  11.0598169848   125.127545419   0.128513541428  0.0309199921244 3096.06463354   0.0316180530705 
0.0023193359375 4910.07506653   0.0             0.0             0.500017247657  11.4297320319   129.31265643    0.107385366695  0.0316000767155 3104.05451927   0.0316149315774 
0.00238037109375 5228.69195208   0.0             0.0             0.500018599846  11.8282779573   133.821688854   0.108781844568  0.0336785742294 3094.4564926    0.0316118665642 
0.00244140625   5570.21114199   0.0             0.0             0.500020061164  12.2424684837   138.507719733   0.110190830149  0.0359133481655 3083.33606097   0.0316086900586 
0.00250049109988 5936.65142587   0.0             0.0             0.500021588709  12.6734272638   143.383461745   0.111677187306  0.0382775586606 3070.34310013   0.0316053987179 
0.00255751798875 6317.37773333   0.0             0.0             0.500023177459  13.1078122659   148.297967036   0.113241048849  0.0407328123865 3055.91618225   0.0316020968378 
0.00261257881111 6711.41663086   0.0             0.0             0.500024826198  13.5443538745   153.236871543   0.114874422262  0.0432758589981 3040.17650513   0.0315987957442 
0.00266580075882 7118.79574512   0.0             0.0             0.500026534823  13.9829654065   158.199194561   0.116560930092  0.0459077507691 3023.21603166   0.0315954989487 
0.00271729925639 7539.84850259   0.0             0.0             0.50002830325   14.4238828496   163.187605984   0.118305046985  0.0486307866258 3005.1046931    0.0315922076298 
0.00276715114818 7974.92812122   0.0             0.0             0.500030130394  14.867334597    168.204689787   0.120156553531  0.0514467896292 2985.90409758   0.0315889230771 
0.00281543986892 8424.15187894   0.0             0.0             0.500032015609  15.3132951946   173.250157991   0.122094544393  0.0543573194071 2965.68248952   0.0315856484408 
0.00286225679954 8887.74935487   0.0             0.0             0.500033958858  15.7618491133   178.324966273   0.124103603652  0.0573649793649 2944.50218163   0.0315823860117 
0.00290768204569 9366.10312413   0.0             0.0             0.500035960018  16.2132137064   183.431573706   0.126187881763  0.060473063912  2922.42020419   0.0315791371151 
0.00295175725697 9859.57709799   0.0             0.0             0.50003801753   16.6675656729   188.571979411   0.1284193402    0.0636839940695 2899.49749223   0.0315759033687 
0.00299455667782 10368.1729322   0.0             0.0             0.500040131514  17.1247465289   193.744390347   0.13073955237   0.0670004425612 2876.57372472   0.0315726886871 
0.00303614879306 10892.2979098   0.0             0.0             0.500042302187  17.5849631571   198.951147125   0.133150029209  0.0704268232972 2853.40550617   0.0315694943212 
0.00307656901678 11425.3177141   0.0             0.0             0.500044513576  18.0547020874   204.265636453   0.142955676783  0.073669904762  3021.83701683   0.0315664042269 
0.00311586854058 11980.4333226   0.0             0.0             0.500046762755  18.521663044    209.548696596   0.144663343336  0.0772238520169 3013.70332235   0.0315632651645 
0.00315410332308 12552.5260794   0.0             0.0             0.500049060966  18.9921663269   214.871833587   0.146572513029  0.0808831960487 3004.99006181   0.0315601546782 
0.00319132654353 13141.3888904   0.0             0.0             0.500051407923  19.4661029674   220.233814584   0.148496482586  0.084648397743  2995.73221731   0.0315570728968 
0.00322757142178 13747.4735727   0.0             0.0             0.500053802301  19.9436593143   225.636747885   0.15042137151   0.0885212334453 2985.95669964   0.0315540209807 
0.00326286877293 14370.9744253   0.0             0.0             0.500056242686  20.4248014892   231.080250198   0.152354613545  0.0925024853644 2975.65646586   0.0315510013285 
0.00329726397024 15012.0594      0.0             0.0             0.500058728781  20.9094796736   236.563757893   0.154315078979  0.0965936702275 2964.82147907   0.0315480162598 
0.00333079937512 15671.1926689   0.0             0.0             0.500061260301  21.3978625128   242.089178971   0.156275627996  0.100797249615  2953.43556072   0.0315450666218 
0.00336350860766 16348.8523314   0.0             0.0             0.500063836504  21.890112797    247.658355195   0.158236328234  0.105115311497  2941.48095816   0.0315421532344 
0.00339540589746 17045.4066162   0.0             0.0             0.500066455191  22.3862992093   253.272063625   0.160196991036  0.109548318947  2928.94053641   0.0315392773745 
0.00342652811787 17760.8205685   0.0             0.0             0.500069116034  22.886211672    258.927927503   0.162156485469  0.114096837668  2915.80319182   0.0315364417441 
0.00345690983788 18495.5668124   0.0             0.0             0.500071818701  23.3899965253   264.627602479   0.16411496927   0.118763035406  2902.04784193   0.0315336468313 
0.00348658351512 19250.1252008   0.0             0.0             0.500074562866  23.8977921352   270.372653987   0.166084869078  0.123549052849  2887.65239648   0.0315308931059 
0.00351556714733 20024.9921419   0.0             0.0             0.500077346996  24.4097329794   276.164603467   0.168098059271  0.128455998531  2872.5939535    0.0315281809744 
0.003543876958  20820.3258007   0.0             0.0             0.500080169397  24.9257266782   282.002405762   0.170114116274  0.133483649294  2856.85612023   0.0315255119141 
0.00357154174743 21636.2226793   0.0             0.0             0.500083029673  25.4456513269   287.884681679   0.172132796992  0.138632645262  2840.4244132    0.0315228873489 
0.00359858864173 22473.1527758   0.0             0.0             0.500085927424  25.9696211834   293.812723898   0.17415476955   0.143904818986  2823.2782456    0.0315203073636 
0.00362504322189 23331.5906021   0.0             0.0             0.500088862251  26.4977434552   299.787745334   0.176180831647  0.149302023787  2805.39865624   0.0315177720107 
0.00365092544881 24212.0201914   0.0             0.0             0.500091833277  27.0301207358   305.810906697   0.178242681774  0.154825727481  2786.76894961   0.0315152812882 
0.00367624011526 25114.7923269   0.0             0.0             0.500094837911  27.566764109    311.88233339    0.180353812616  0.160475407466  2768.27319465   0.031512835532  
0.00370099644075 26033.6482309   0.0             0.0             0.500097882332  28.1184562973   318.124017989   0.216444998618  0.166728228936  3012.20990296   0.0315104461303 
0.00372523057428 26979.4206209   0.0             0.0             0.500100969059  28.6630345379   324.285217459   0.219849919217  0.172708105459  3001.40041728   0.0315080937408 
0.00374896307601 27948.6637696   0.0             0.0             0.500104090997  29.2118546796   330.49440856    0.223477921496  0.178830464847  2990.62122668   0.0315057872304 
0.00377221351741 28941.3045397   0.0             0.0             0.500107247978  29.7648509639   336.750847322   0.22717057029   0.185096753848  2979.43662862   0.0315035262302 
0.00379499777148 29957.7665823   0.0             0.0             0.500110439562  30.3220859184   343.055241162   0.230917068576  0.191509512023  2967.84471523   0.0315013103709 
0.00381731715069 30998.3822539   0.0             0.0             0.500113663315  30.8835521846   349.407506829   0.234717443959  0.198068970359  2955.84881675   0.0314991394976 
0.00383918960641 32062.7814124   0.0             0.0             0.500116919187  31.4488862307   355.803531432   0.238570215158  0.204775328467  2943.46249349   0.0314970146944 
0.00386063217077 33151.3518026   0.0             0.0             0.500120207138  32.018132435    362.243817051   0.242476242561  0.211631216631  2930.69349878   0.0314949353561 
0.00388166102046 34264.4734108   0.0             0.0             0.500123527155  32.5913265561   368.728768251   0.246436191813  0.218639224694  2917.55291549   0.0314929008831 
0.00390229153195 35402.5223824   0.0             0.0             0.500126879249  33.168499214    375.258731456   0.250478872478  0.225801899875  2904.0556663    0.0314909106581 
0.0039225383324 36565.8699754   0.0             0.0             0.500130263454  33.7496757332   381.83399318    0.254583232111  0.23312173046   2890.22105538   0.031488964049  
0.00394241534678 37754.881564    0.0             0.0             0.500133679827  34.3348760617   388.454779111   0.258742734235  0.24060113143   2876.07314177   0.0314870604108 
0.00396192033259 38969.9433331   0.0             0.0             0.500137125682  34.9241147714   395.121254109   0.262956422789  0.248239547071  2861.64092451   0.0314851990874 
0.00398106664328 40210.3928189   0.0             0.0             0.500140601034  35.5169302732   401.828195889   0.267219644459  0.256035752395  2847.78335664   0.0314833808331 
0.00399986725434 41476.505435    0.0             0.0             0.500144105941  36.1133161777   408.575532166   0.271530157528  0.26399149709   2833.85313443   0.0314816048709 
0.00401833453373 42768.5590736   0.0             0.0             0.50014764047   36.7132656081   415.363185135   0.275885382241  0.272108457159  2819.7509928    0.0314798704185 
0.00403648027855 44086.8208477   0.0             0.0             0.500151204703  37.3167663762   422.191016905   0.280282240845  0.280388187263  2805.52190532   0.0314781766938 
0.00405431574894 45431.5461822   0.0             0.0             0.500154798727  37.9238009857   429.058829526   0.284717146283  0.288832114183  2791.2146855    0.0314765229164 
0.00407185169966 46802.977735    0.0             0.0             0.500158422642  38.5343465365   435.966363912   0.289186007521  0.297441530401  2776.88157831   0.0314749083087 
0.00408910551549 48190.0516135   0.0             0.0             0.500162104131  39.1341078988   442.751889135   0.246338783464  0.308227093914  3083.97149763   0.0314733363891 
0.00410607671032 49615.077071    0.0             0.0             0.50016584188   39.751413411    449.735903755   0.248312653077  0.317303530891  3082.90001431   0.031471797616  
0.00412276572448 51067.5662401   0.0             0.0             0.500169609524  40.3720612136   456.757732074   0.250691686925  0.326550340237  3081.48082048   0.0314702958598 
0.00413918226353 52546.5928623   0.0             0.0             0.500173407273  40.9956516496   463.81285249    0.253117036052  0.335965305062  3080.05447513   0.0314688312318 
0.00415533560959 54052.2395533   0.0             0.0             0.50017723526   41.6221341849   470.900693273   0.255551258178  0.345549045644  3078.63384167   0.0314674028824 
0.00417123464532 55584.6087474   0.0             0.0             0.500181093631  42.2514536588   478.020630354   0.257990513313  0.355302129185  3077.22283003   0.0314660099862 
0.00418688787613 57143.7914004   0.0             0.0             0.500184982538  42.8835503093   485.171987601   0.260435186243  0.365225011187  3075.8256046    0.0314646517314 
0.00420230345082 58729.8609641   0.0             0.0             0.500188902139  43.5183592995   492.354031469   0.262886324539  0.375318020381  3074.44655222   0.0314633273201 
0.00421748918096 60342.8719285   0.0             0.0             0.500192852598  44.1558106962   499.565970753   0.265345180499  0.38558135271   3073.09022039   0.0314620359692 
0.00423245255906 61982.8590892   0.0             0.0             0.500196834082  44.795829513    506.806957081   0.267813160295  0.396015066712  3071.76136027   0.0314607769107 
0.00424720077555 63649.8367001   0.0             0.0             0.500200846764  45.4383356404   514.076084115   0.270291827954  0.406619079517  3070.46498061   0.031459549392  
0.00426174073471 65343.797837    0.0             0.0             0.500204890822  46.0832438727   521.372387864   0.272782911257  0.417393164002  3069.20637245   0.0314583526757 
0.00427607716935 67064.7245697   0.0             0.0             0.500208965892  46.7304639569   528.694847231   0.275288303697  0.428336284407  3067.99110075   0.0314571860403 
0.00429020929358 68812.3677591   0.0             0.0             0.500213070037  47.3798148203   536.041413613   0.277809773748  0.439444500016  3066.82509851   0.0314560489281 
0.00430414373432 70585.6947196   0.0             0.0             0.500217203434  48.0308632291   543.407185529   0.280348364408  0.450713883511  3065.71478662   0.031454941194  
0.00431788685715 72384.573135    0.0             0.0             0.500221366255  48.6835071181   550.791008243   0.282906249891  0.46214341762   3064.66610225   0.0314538620961 
0.00433144478027 74208.8482329   0.0             0.0             0.500225558672  49.3376390948   558.191666747   0.285485831735  0.473731961236  3063.68465777   0.031452810917  
0.00434482338702 76058.3424355   0.0             0.0             0.500229780862  49.9931474144   565.607896793   0.288089577124  0.48547825772   3062.77558074   0.0314517869582 
0.00435802833782 77932.8548224   0.0             0.0             0.500234033007  50.6499159893   573.038385001   0.290719945765  0.497380945208  3061.94317055   0.0314507895394 
0.00437106508119 79832.1608252   0.0             0.0             0.500238315291  51.3078244393   580.481769423   0.293379314851  0.509438569629  3061.19049225   0.0314498179986 
0.00438393886432 81756.0119823   0.0             0.0             0.500242627906  51.9667481453   587.936640156   0.29606989274   0.52164959968   3060.51892292   0.0314488716915 
0.00439665474281 83704.1357435   0.0             0.0             0.500246971049  52.6265583044   595.40153996    0.298793623487  0.534012443023  3059.92767668   0.031447949991  
0.00440921758998 85676.2353192   0.0             0.0             0.500251344924  53.2871219846   602.874964883   0.301552087516  0.546525462686  3059.41334339   0.0314470522869 
0.00442163210551 87671.9895757   0.0             0.0             0.500255749745  53.9483021788   610.355364866   0.304346405358  0.559186992347  3058.96948461   0.0314461779851 
0.00443390282372 89691.0529812   0.0             0.0             0.500260185736  54.6099578611   617.841144383   0.307177153264  0.571995348997  3058.58633574   0.0314453265071 
0.00444603412118 91733.0555995   0.0             0.0             0.500264653131  55.2719440434   625.330663079   0.310044300897  0.584948841218  3058.25066368   0.0314444972898 
0.00445803022405 93797.6031255   0.0             0.0             0.500269152178  55.9341118438   632.822236551   0.312947178816  0.598045769827  3057.94581696   0.0314436897844 
0.00446989445056 95884.2859099   0.0             0.0             0.500273682848  56.5963086157   640.314137796   0.315884478459  0.611284034766  3057.65198289   0.0314429034562 
0.00448162552137 97992.5817591   0.0             0.0             0.500278243366  57.2583356556   647.804118745   0.318854143974  0.624658734336  3057.3467399    0.0314421378326 
0.00449322755653 100121.010414   0.0             0.0             0.500282834033  57.9197388851   655.287042083   0.321852646725  0.638164649986  3057.00594782   0.0314413927296 
0.00450470453514 102269.067731   0.0             0.0             0.50028745516   58.5803622236   662.761141963   0.3248771584    0.651799768804  3056.60481651   0.0314406676139 
0.00451606134338 104436.213541   0.0             0.0             0.500292115842  59.2414539291   670.24054081    0.322388609766  0.666533298838  3000.9203348    0.0314399645635 
0.0045273005484 106622.523735   0.0             0.0             0.500296815874  59.9000015422   677.691156537   0.325066160222  0.680418187511  2995.23121387   0.0314392774825 
0.00453842573281 108826.744918   0.0             0.0             0.500301547366  60.5572794719   685.127407437   0.327684667456  0.694413935042  2989.73007606   0.0314386089143 
0.00454944037377 111048.329626   0.0             0.0             0.500306310628  61.2130916956   692.547075766   0.330302982368  0.708516737625  2984.04782265   0.0314379583696 
0.0045603478361 113286.690724   0.0             0.0             0.500311105921  61.8672700935   699.948259466   0.332931443085  0.722722404208  2978.16732605   0.0314373254004 
0.00457115137759 115541.202668   0.0             0.0             0.50031593351   62.5196433155   707.329019932   0.335573091993  0.73702656614   2972.09159991   0.0314367095717 
0.00458185415369 117811.218076   0.0             0.0             0.50032079366   63.1700382423   714.687398543   0.33822953863   0.751424764793  2965.82760105   0.0314361104617 
0.00459245922193 120096.070889   0.0             0.0             0.500325686636  63.8182803095   722.021420328   0.340908318405  0.765912479396  2959.38397181   0.0314355276619 
0.00460296954606 122395.077618   0.0             0.0             0.500330612705  64.4641937366   729.329096558   0.343629701462  0.780485144735  2952.77032651   0.0314349607757 
0.00461338799999 124707.538264   0.0             0.0             0.500335572138  65.1076017413   736.60842717    0.346369702297  0.79513816277   2945.99689184   0.0314344094188 
0.00462371737156 127032.737208   0.0             0.0             0.500340565206  65.7483267534   743.857403184   0.349128925853  0.809866909105  2939.07430059   0.0314338732178 
0.00463396036599 129369.944127   0.0             0.0             0.500345592187  66.3861906325   751.074009174   0.351907801369  0.824666735161  2932.01351634   0.0314333518106 
0.0046441196093 131718.414929   0.0             0.0             0.50035065336   67.0210148899   758.25622577    0.354706605621  0.839532967183  2924.82588027   0.0314328448455 
0.00465419765138 134077.392731   0.0             0.0             0.500355749012  67.6526209158   765.402032234   0.357525495565  0.854460903322  2917.52326816   0.0314323519809 
0.00466419696904 136446.108855   0.0             0.0             0.500360879434  68.2808302095   772.509409059   0.36036454675   0.869445810057  2910.1183348    0.0314318728852 
0.00467411996882 138823.783852   0.0             0.0             0.500366044922  68.9054646132   779.576340621   0.363223793881  0.884482918938  2902.62482899   0.0314314072362 
0.00468396898951 141209.628581   0.0             0.0             0.500371245778  69.5263465562   786.600817937   0.366103271233  0.899567424027  2895.05795899   0.0314309547208 
0.00469374630465 143602.845272   0.0             0.0             0.500376482312  70.1432992988   793.580841424   0.369003049343  0.914694480355  2887.43477929   0.0314305150353 
0.00470345412523 146002.628526   0.0             0.0             0.500381754837  70.7561471559   800.514423434   0.371923265015  0.92985920493   2879.77455647   0.0314300878842 
0.00471309460217 148408.166476   0.0             0.0             0.500387063672  71.3647157593   807.399591213   0.374864147292  0.945056678492  2872.09914006   0.0314296729805 
0.00472266982851 150818.642026   0.0             0.0             0.500392409144  71.9688323298   814.234389992   0.377826038083  0.960281947999  2864.43331734   0.0314292700452 
0.00473218080497 153233.262228   0.0             0.0             0.500397790994  72.5683258803   821.016885269   0.380809407088  0.975529341955  2856.80514204   0.0314288788071 
0.00474162781231 155650.963942   0.0             0.0             0.500403208555  73.1629633733   827.744440528   0.383840603899  0.990791746563  2849.24708106   0.0314284990432 
0.00475101291887 158070.433643   0.0             0.0             0.500408662191  73.7524731292   834.413982063   0.38690299379   1.00606258128   2841.79595414   0.0314281305592 
0.00476033813702 160490.860512   0.0             0.0             0.500414152263  74.3367002154   841.023757013   0.389987788834  1.02133693503   2834.49120555   0.0314277730935 
0.00476960542503 162911.441048   0.0             0.0             0.500419679139  74.9154932401   847.572052576   0.39309583276   1.03660991974   2827.37669367   0.0314274263919 
0.00477881668813 165331.375381   0.0             0.0             0.500425243189  75.4887039039   854.057190935   0.396228110682  1.05187666078   2820.50095818   0.0314270902077 
0.00478797378092 167749.867617   0.0             0.0             0.500430844785  76.0561871021   860.477530417   0.399385728975  1.06713229898   2813.9175199    0.0314267643016 
0.00479707850967 170166.127063   0.0             0.0             0.500436484306  76.617801183    866.831468418   0.402569897738  1.08237199893   2807.68513442   0.0314264484408 
0.00480613146249 172574.611802   0.0             0.0             0.500442157052  77.1765600462   873.153103317   0.42707987315   1.09688677543   3057.92330777   0.0314261474612 
0.00481513550207 174982.360659   0.0             0.0             0.500447864087  77.7259373224   879.368597676   0.430569615718  1.11206431381   3056.9489799    0.0314258512213 
0.00482409230467 177386.198572   0.0             0.0             0.500453610094  78.2690434071   885.513141602   0.434343310214  1.12721464424   3055.99917562   0.0314255643519 
0.00483300349965 179784.808372   0.0             0.0             0.500459395491  78.8057494144   891.585276918   0.438202264145  1.14233072964   3055.00062658   0.0314252866664 
0.0048418706761 182177.347281   0.0             0.0             0.500465220676  79.335929573    897.583580684   0.442111736398  1.15740762949   3053.9552067    0.0314250179619 
0.00485069538384 184563.062974   0.0             0.0             0.500471086049  79.8594654962   903.506713509   0.446065477344  1.17244073801   3052.87094079   0.0314247580412 
0.00485947913462 186941.230186   0.0             0.0             0.500476992016  80.3762439295   909.353394062   0.450062995171  1.18742556826   3051.75824789   0.0314245067118 
0.00486822340327 189311.140524   0.0             0.0             0.500482938981  80.8861564766   915.122395979   0.454105045275  1.20235772619   3050.62969374   0.0314242637859 
0.00487692962892 191672.101031   0.0             0.0             0.500488927348  81.3890995889   920.812547744   0.458192650506  1.21723291016   3049.50004193   0.0314240290807 
0.00488559921608 194023.434538   0.0             0.0             0.500494957526  81.8849746579   926.422733726   0.462326869881  1.23204691285   3048.38635082   0.0314238024185 
0.00489423353568 196364.48053    0.0             0.0             0.500501029921  82.3736882062   931.951896351   0.466508738166  1.24679562628   3047.30802276   0.0314235836258 
0.00490283392607 198694.595781   0.0             0.0             0.50050714494   82.855152051    937.399037945   0.470739248851  1.26147504568   3046.28675479   0.0314233725329 
0.00491140169398 201013.155411   0.0             0.0             0.500513302992  83.3292834544   942.763222433   0.47501935097   1.27608127115   3045.34633444   0.0314231689747 
0.00491993811547 203319.553368   0.0             0.0             0.500519504485  83.796004973    948.043573644   0.479349955889  1.29061051571   3044.51218537   0.0314229727902 
0.00492844443682 205613.202677   0.0             0.0             0.500525749826  84.255244437    953.239275071   0.483731945342  1.3050591109    3043.8106883    0.0314227838218 
0.00493692187537 207893.536476   0.0             0.0             0.500532039421  84.7069352164   958.34957288    0.488166175076  1.31942350722   3043.2682382    0.0314226019154 
0.00494537162032 210160.0085     0.0             0.0             0.500538373676  85.1510162527   963.373776275   0.49265348574   1.33370027717   3042.90976799   0.0314224269203 
0.00495379483346 212412.093537   0.0             0.0             0.500544752991  85.587432107    968.311258035   0.49719471989   1.34788611983   3042.7565829    0.0314222586886 
0.00496219264997 214649.287875   0.0             0.0             0.50055117777   86.0161330073   973.161455054   0.501790744808  1.36197786517   3042.82331185   0.0314220970758 
0.00497056617909 216871.109656   0.0             0.0             0.50055764841   86.4370748099   977.923867904   0.506442478981  1.37597247759   3043.11373947   0.0314219419401 
0.0049789165046 219077.099561   0.0             0.0             0.50056416531   86.8502190823   982.59806177    0.511150916011  1.38986706029   3043.61514634   0.0314217931434 
0.00498724468541 221266.821053   0.0             0.0             0.500570728863  87.2555331503   987.183666986   0.515917152997  1.40365885504   3044.29068942   0.0314216505501 
0.00499555175629 223439.860509   0.0             0.0             0.500577339461  87.6529901      991.680379056   0.520742431281  1.41734524377   3045.06948437   0.0314215140273 
0.00500383872851 225595.827574   0.0             0.0             0.500583997489  88.042568824    996.087959176   0.525664574473  1.43092375293   3045.83432022   0.0314213834448 
0.00501210659057 227734.355167   0.0             0.0             0.500590703331  88.4242539303   1000.40623321   0.530655748756  1.44439205635   3046.40765532   0.0314212586746 
0.00502035630879 229855.09973    0.0             0.0             0.500597457366  88.7980357146   1004.63509136   0.535716142361  1.45774797775   3046.53813657   0.031421139591  
0.00502858882787 231957.741492   0.0             0.0             0.500604259965  89.1639102055   1008.77448869   0.540848337374  1.47098949199   3045.89244819   0.0314210260709 
0.00503680507127 234041.984586   0.0             0.0             0.500611111496  89.5218791632   1012.82444513   0.546055198333  1.48411472675   3044.06030413   0.0314209179934 
0.00504500594167 236107.557204   0.0             0.0             0.500618012319  89.8719501031   1016.7850457    0.551339866566  1.49712196487   3040.5815067    0.0314208152398 
0.0050531923214 238154.211318   0.0             0.0             0.500624962785  90.214136187    1020.65643931   0.556705732309  1.51000964745   3034.99911057   0.0314207176934 
0.0050613650729 240181.722992   0.0             0.0             0.500631963237  90.5484562368   1024.4388389    0.562156382777  1.5227763767    3026.93026519   0.0314206252398 
0.00506952503906 242189.89214    0.0             0.0             0.500639014012  90.8749345731   1028.13251962   0.567695519726  1.53542091164   3016.1328243    0.0314205377667 
0.00507767304363 244178.54161    0.0             0.0             0.500646115432  91.1936007297   1031.73781563   0.5733268371    1.54794216046   3002.54413579   0.0314204551633 
0.00508580401743 246147.801801   0.0             0.0             0.500653262634  91.5044893928   1035.25511934   0.579148353262  1.56033612497   2986.28303317   0.0314203773205 
0.00509389924672 248096.858243   0.0             0.0             0.500660438477  91.8074287633   1038.68248707   0.585074618587  1.57258652909   2969.07764004   0.0314203041815 
0.00510196022709 250020.176029   0.0             0.0             0.500667643376  92.1017895938   1042.0127997    0.591092277352  1.58467500645   2951.46596841   0.0314202357904 
0.00510998840563 251917.836172   0.0             0.0             0.500674877695  92.3876963539   1045.24746544   0.597198208942  1.59660252099   2931.94495812   0.0314201719997 
0.00511798518212 253790.086681   0.0             0.0             0.500682141784  92.6652908952   1048.38808916   0.603389654583  1.60837068461   2911.1381034    0.031420112664  
0.00512595191084 255637.196061   0.0             0.0             0.500689435985  92.9347153538   1051.43627895   0.609662357082  1.61998123233   2889.7101031    0.0314200576426 
0.00513388990244 257459.442688   0.0             0.0             0.500696760629  93.1961109874   1054.39363295   0.616059298139  1.63143598462   2868.33870247   0.0314200067992 
0.00514180042557 259257.11285    0.0             0.0             0.500704116043  93.4496176595   1057.26173354   0.622576046277  1.64273683914   2847.69304137   0.0314199600014 
0.00514968470854 261030.500069   0.0             0.0             0.500711502554  93.6953734494   1060.04214291   0.629142266864  1.65388576225   2828.41343308   0.0314199171212 
0.00515754394083 262779.905069   0.0             0.0             0.500718920492  93.9335144448   1062.73640071   0.635743133226  1.66488477698   2811.08995607   0.0314198780341 
0.00516537927452 264505.636084   0.0             0.0             0.500726370195  94.164174686    1065.34602344   0.642362899023  1.67573594711   2796.23958421   0.0314198426191 
0.00517319182566 266208.00932    0.0             0.0             0.500733852016  94.3874862527   1067.87250541   0.648986023512  1.68644135993   2784.28353415   0.0314198107589 
0.00518098267555 267887.349631   0.0             0.0             0.500741366324  94.6035796181   1070.31732276   0.65559844972   1.69700311071   2775.52774853   0.0314197823398 
0.00518875287189 269543.991019   0.0             0.0             0.50074891351   94.8125842064   1072.68193975   0.662188851182  1.70742329101   2770.14984102   0.0314197572513 
0.00519650342997 271178.276662   0.0             0.0             0.500756493984  95.0146290491   1074.9678162    0.668749641269  1.71770398293   2768.19519514   0.0314197353864 
0.00520423533366 272790.558337   0.0             0.0             0.500764108177  95.2098434329   1077.17641483   0.675277572328  1.72784726012   2769.58339515   0.0314197166415 
0.0052119495364 274381.195247   0.0             0.0             0.500771756537  95.3983574307   1079.30920725   0.681773837465  1.7378551948    2774.12418324   0.031419700916  
0.00521964696216 275950.552437   0.0             0.0             0.500779439527  95.580302243    1081.36767782   0.688243698525  1.7477298688    2781.54030649   0.0314196881125 
0.00522732850658 277498.999023   0.0             0.0             0.500787157617  95.7558103078   1083.35332491   0.694695754975  1.75747338593   2791.49367705   0.0314196781365 
0.00523499503789 279026.906494   0.0             0.0             0.500794911284  95.9250151816   1085.26765953   0.701141014851  1.76708788225   2803.61144955   0.0314196708963 
0.00524264739767 280534.647271   0.0             0.0             0.500802701003  96.0880512523   1087.1122021    0.707591932883  1.77657553327   2817.50901028   0.0314196663026 
0.00525028640165 282022.5936     0.0             0.0             0.500810527246  96.2450533533   1088.88847811   0.714061547516  1.78593855684   2832.80791078   0.0314196642686 
0.00525791284046 283491.116752   0.0             0.0             0.500818390479  96.3961563201   1090.59801303   0.720562765669  1.79517921445   2849.14918978   0.03141966471   
0.00526552748038 284940.586773   0.0             0.0             0.500826291158  96.5414946419   1092.24232843   0.72710786525   1.80429980824   2866.20033362   0.0314196675443 
0.00527313106407 286371.372375   0.0             0.0             0.500834229725  96.6812021543   1093.82293851   0.733708181452  1.81330267547   2883.65764825   0.0314196726913 
0.00528072431121 287783.840764   0.0             0.0             0.500842206616  96.8154117124   1095.34134632   0.740373941485  1.82219018217   2901.24490443   0.0314196800725 
0.00528830791919 289178.357617   0.0             0.0             0.50085022225   96.9442549559   1096.79904122   0.747114209012  1.83096471621   2918.7090319    0.0314196896113 
0.0052958825637 290555.287077   0.0             0.0             0.500858277036  97.0678621288   1098.19749674   0.753936910244  1.83962868002   2935.81325174   0.031419701233  
0.00530344889932 291914.991721   0.0             0.0             0.500866371369  97.1863619437   1099.53816911   0.760848910149  1.84818448277   2952.32819377   0.0314197148646 
0.0053110075601 293257.832496   0.0             0.0             0.500874505636  97.2998814831   1100.82249609   0.767887679777  1.8566345328    2968.02139997   0.0314197304347 
0.00531855916003 294584.168619   0.0             0.0             0.500882680211  97.4085461271   1102.05189619   0.775051600717  1.86498123031   2982.64619796   0.0314197478735 
0.00532610429366 295894.357433   0.0             0.0             0.500890895457  97.5124795011   1103.22776809   0.78231897764   1.87322695946   2995.93166477   0.0314197671129 
0.00533364353651 297188.754192   0.0             0.0             0.500899151729  97.6118034167   1104.35148992   0.789693558378  1.88137408138   3007.57692122   0.0314197880864 
0.00534117744559 298467.711935   0.0             0.0             0.500907449371  97.7066378553   1105.42441911   0.797178641143  1.88942492824   3017.25534201   0.0314198107287 
0.00534870655988 299731.581367   0.0             0.0             0.500915788721  97.7971009744   1106.44789247   0.80477715284   1.89738179772   3024.63575328   0.0314198349764 
0.0053562314007 300980.71061    0.0             0.0             0.500924170107  97.8833090754   1107.42322579   0.812491716178  1.90524694885   3029.42503177   0.0314198607673 
0.00536375255668 302214.710133   0.0             0.0             0.500932591078  97.9619690649   1108.31316199   0.827181560877  1.91187813694   3002.48394907   0.0314198934891 
0.00537127044536 303433.310501   0.0             0.0             0.500941051872  98.0398083954   1109.19381348   0.835690201333  1.91952488906   2996.58450598   0.03141992237   
0.00537878553765 304639.161792   0.0             0.0             0.500949555645  98.113775089    1110.03065109   0.84441776348   1.92708985256   2990.46971635   0.0314199526159 
0.00538629828894 305831.818581   0.0             0.0             0.500958102686  98.1839397354   1110.82447345   0.853289507139  1.93457150946   2984.2054372    0.0314199841728 
0.00539380913937 307011.449566   0.0             0.0             0.500966693289  98.250399371    1111.57637839   0.862284498015  1.94197114144   2977.78738476   0.0314200169839 
0.00540131851382 308178.345593   0.0             0.0             0.500975327741  98.3132580163   1112.28754278   0.871397155653  1.94929056173   2971.20010566   0.0314200509956 
0.0054088268223 309332.82001    0.0             0.0             0.500984006322  98.3726196127   1112.95914258   0.880643205922  1.95653167857   2964.42317454   0.0314200861548 
0.00541633446021 310475.188965   0.0             0.0             0.500992729305  98.4285868837   1113.59233997   0.89003502369   1.96369640882   2959.12431916   0.0314201224097 
0.00542384180864 311605.766714   0.0             0.0             0.501001496959  98.4812611245   1114.18828097   0.899550331175  1.97078665975   2956.73717214   0.0314201597095 
0.00543134923468 312724.864742   0.0             0.0             0.501010309543  98.5307422142   1114.7480956    0.909192590361  1.97780432413   2953.96283797   0.0314201980046 
0.00543885709171 313832.790589   0.0             0.0             0.501019167309  98.57712853     1115.27289686   0.91896535833   1.98475127809   2950.77243038   0.0314202372463 
0.00544636571967 314929.847471   0.0             0.0             0.501028070502  98.62051695     1115.76378079   0.928872170221  1.99162938279   2947.14118883   0.0314202773869 
0.00545387544534 316016.33432    0.0             0.0             0.501037019358  98.6610028939   1116.22182696   0.938916456388  1.99844048823   2943.05102854   0.0314203183801 
0.00546138658263 317092.545607   0.0             0.0             0.501046014104  98.6986802697   1116.64809781   0.949101465823  2.00518643767   2938.49341058   0.0314203601801 
0.00546889943284 318158.771099   0.0             0.0             0.501055054959  98.7336414505   1117.04363841   0.95943018448   2.01186907218   2933.47244912   0.0314204027424 
0.00547641428492 319215.295794   0.0             0.0             0.501064142132  98.7659772875   1117.40947665   0.9699052452    2.01849023602   2928.00810004   0.0314204460231 
0.00548393141573 320262.399881   0.0             0.0             0.501073275823  98.7957770786   1117.7466228    0.980528832076  2.02505178282   2922.13918453   0.0314204899792 
0.00549145109026 321300.358766   0.0             0.0             0.501082456222  98.8231285504   1118.05606938   0.991302584642  2.03155558052   2915.92591662   0.0314205345688 
0.00549897356185 322329.443018   0.0             0.0             0.501091683512  98.8481177993   1118.33879045   1.00222751206   2.03800351462   2909.45153044   0.0314205797504 
0.00550649907248 323349.918326   0.0             0.0             0.501100957863  98.8708292137   1118.59574078   1.01330393019   2.04439748878   2902.8225642    0.0314206254838 
0.00551402785296 324362.045484   0.0             0.0             0.50111027944   98.8913453779   1118.82785468   1.02453143796   2.05073942204   2896.1673786    0.0314206717291 
0.00552156012317 325366.080441   0.0             0.0             0.501119648399  98.909746975    1119.03604498   1.03590894847   2.0570312416    2889.63259732   0.0314207184478 
0.00552909609228 326362.274353   0.0             0.0             0.501129064889  98.9261126778   1119.22120177   1.04743478882   2.06327487049   2883.37735963   0.031420765602  
0.00553663595898 327350.873561   0.0             0.0             0.501138529057  98.9405190176   1119.3841909    1.05910687415   2.06947221017   2877.56556598   0.0314208131549 
0.00554417991171 328332.119654   0.0             0.0             0.501148041042  98.953040289    1119.52585292   1.07092295164   2.07562511995   2872.35664534   0.0314208610705 
0.00555172812888 329306.249617   0.0             0.0             0.501157600985  98.9637485098   1119.64700261   1.08288089643   2.08173539502   2867.89569747   0.0314209093141 
0.0055592807791 330273.495967   0.0             0.0             0.501167209022  98.9727134245   1119.74842904   1.09499206244   2.08780474566   2864.30406942   0.0314209578518 
0.00556683802143 331234.086948   0.0             0.0             0.501176865291  98.9800025785   1119.8308964    1.10725667248   2.09383477939   2861.67146672   0.0314210066513 
0.00557440000557 332188.246703   0.0             0.0             0.501186569931  98.9856814549   1119.89514555   1.11965634517   2.09982698817   2860.05051821   0.0314210556811 
0.00558196687215 333136.195322   0.0             0.0             0.501196323083  98.9898136509   1119.94189602   1.13219229121   2.10578274292   2859.45440256   0.0314211049112 
0.0055895387529 334078.148736   0.0             0.0             0.501206124888  98.9924610468   1119.97184788   1.14486711987   2.11170329052   2859.85761381   0.0314211543128 
0.00559711577089 335014.318586   0.0             0.0             0.501215975489  98.9936839836   1119.98568383   1.15768478581   2.11758976494   2861.19976396   0.0314212038582 
0.0056046987915 335945.862555   0.0             0.0             0.501225881945  98.9825626365   1119.85986015   1.17065209444   2.12040710887   2863.38197955   0.0314212569995 
0.00561228718453 336872.238994   0.0             0.0             0.501235843667  98.9810298143   1119.84251825   1.1837757818    2.12616879934   2866.31238095   0.0314213068055 
0.00561988105166 337792.854232   0.0             0.0             0.501245854981  98.978197195    1119.81047082   1.19705928221   2.13189622619   2869.85962137   0.0314213566739 
0.00562748048346 338708.425099   0.0             0.0             0.501255915935  98.9741623773   1119.76482207   1.21051048827   2.1375922739    2873.89439211   0.0314214065861 
0.00563508556296 339619.203564   0.0             0.0             0.501266026672  98.9689844292   1119.70624027   1.2241370397    2.14325808528   2878.2881183    0.0314214565182 
0.00564269636572 340525.383886   0.0             0.0             0.501276187322  98.9627176172   1119.63533939   1.23794636655   2.14889459496   2882.91820228   0.0314215064478 
0.00565031296008 341427.147915   0.0             0.0             0.50128639801   98.9554145678   1119.55271482   1.25194566211   2.15450271518   2887.67174446   0.0314215563533 
0.00565793540738 342324.671853   0.0             0.0             0.501296658855  98.9471267299   1119.45894863   1.2661418212    2.16008336619   2892.44790537   0.0314216062138 
0.00566556376211 343218.127461   0.0             0.0             0.501306969968  98.9379044068   1119.35460996   1.28054139516   2.1656374819    2897.15910956   0.031421656009  
0.00567319807213 344107.682399   0.0             0.0             0.501317331454  98.9277967294   1119.24025464   1.29515057494   2.17116600964   2901.73131355   0.0314217057195 
0.00568083837886 344993.500402   0.0             0.0             0.501327743409  98.9168516249   1119.11642492   1.30997519896   2.17666990794   2906.10358445   0.0314217553262 
0.00568848471746 345875.741443   0.0             0.0             0.501338205922  98.90511579     1118.98364911   1.32502077869   2.18215014325   2910.22721689   0.0314218048112 
0.005696137117  346754.561887   0.0             0.0             0.501348719077  98.8926346779   1118.84244144   1.34029253565   2.1876076863    2914.06457726   0.0314218541569 
0.00570379560067 347630.114553   0.0             0.0             0.501359282948  98.8794524871   1118.69330198   1.3557954438    2.19304350761   2917.58782336   0.0314219033467 
0.00571146018594 348502.548755   0.0             0.0             0.501369897607  98.8656121439   1118.53671637   1.37153427331   2.19845857371   2920.77760337   0.0314219523646 
0.00571913088476 349372.0104     0.0             0.0             0.501380563115  98.8511553055   1118.37315591   1.3875136329    2.20385384403   2923.62180553   0.0314220011952 
0.00572680770373 350238.642264   0.0             0.0             0.50139127953   98.8361224202   1118.20307823   1.40373801004   2.20923026729   2926.11439728   0.031422049824  
0.0057344906443 351102.584001   0.0             0.0             0.501402046903  98.8205527045   1118.02692701   1.42021180557   2.21458877993   2928.2543818    0.0314220982372 
0.00574217970292 351963.972111   0.0             0.0             0.501412865278  98.8044841285   1117.84513182   1.43693936412   2.21993030711   2930.04487799   0.0314221464217 
0.00574987487129 352822.940086   0.0             0.0             0.501423734695  98.7879534542   1117.65810859   1.45392500267   2.22525575941   2932.97507634   0.0314221943649 
0.00575757613648 353679.61847    0.0             0.0             0.501434655188  98.7709962384   1117.4662596    1.4711730336    2.23056602759   2937.60718604   0.0314222420551 
0.00576528348111 354534.134977   0.0             0.0             0.501445626785  98.7536468732   1117.26997394   1.48868778382   2.23586198348   2942.08127827   0.031422289481  
0.00577299688358 355386.614569   0.0             0.0             0.50145664951   98.7359386117   1117.06962783   1.50647361118   2.24114448072   2946.39843399   0.0314223366322 
0.0057807163182 356237.179542   0.0             0.0             0.501467723381  98.7179035925   1116.86558488   1.52453491864   2.24641435451   2950.5598735    0.0314223834988 
0.00578844156179 357085.957146   0.0             0.0             0.501478848135  98.6995728662   1116.65819638   1.54287616592   2.25167240121   2954.56682641   0.0314224300717 
0.00579617192719 357933.065214   0.0             0.0             0.501490022833  98.6809772161   1116.44781062   1.56150163198   2.25691925838   2958.42037761   0.0314224763412 
0.00580390738475 358778.53241    0.0             0.0             0.501501247482  98.6621481126   1116.23478363   1.58041494757   2.26215538679   2962.12132675   0.0314225222953 
0.00581164790124 359622.461612   0.0             0.0             0.50151252208   98.6431128201   1116.01942388   1.59962030426   2.26738151503   2965.67049517   0.031422567927  
0.00581939344001 360464.962169   0.0             0.0             0.501523846623  98.6238981862   1115.80203511   1.61912220009   2.27259839027   2969.06855342   0.0314226132297 
0.00582714396116 361306.142639   0.0             0.0             0.501535221102  98.6045301724   1115.58291105   1.63892532337   2.27780675024   2972.31600569   0.0314226581974 
0.00583489942164 362146.109794   0.0             0.0             0.501546645508  98.5850338005   1115.36233478   1.65903450342   2.28300731897   2975.41319456   0.0314227028248 
0.00584265977553 362984.96846    0.0             0.0             0.501558119823  98.5654331699   1115.14057896   1.67945468977   2.28820080519   2978.36031863   0.0314227471071 
0.0058504249741 363822.821515   0.0             0.0             0.501569644031  98.5457514804   1114.91790606   1.70019094401   2.29338790155   2981.15745764   0.03142279104   
0.00585819496605 364659.769909   0.0             0.0             0.501581218112  98.5260110434   1114.69456851   1.72124844158   2.29856928596   2983.80458721   0.0314228346198 
0.00586596969759 365495.912758   0.0             0.0             0.50159284204   98.506233329    1114.47080922   1.74263248014   2.30374562628   2986.30158626   0.0314228778433 
0.00587374911262 366331.347417   0.0             0.0             0.50160451579   98.486438978    1114.2468617    1.7643484636    2.30891757585   2988.64835329   0.0314229207078 
0.00588153315289 367166.169568   0.0             0.0             0.501616239329  98.4666478391   1114.02295052   1.78640192193   2.3140857781    2990.84477506   0.031422963211  
0.0058893217581 368000.473313   0.0             0.0             0.501628012627  98.4468790063   1113.79929171   1.8087985074    2.31925086829   2992.89079026   0.0314230053512 
0.00589711486606 368834.351223   0.0             0.0             0.501639835649  98.4271508075   1113.57609262   1.83154398182   2.32441346917   2994.78648936   0.0314230471273 
0.00590491241287 369667.894423   0.0             0.0             0.50165170836   98.4074808303   1113.35355223   1.85464422652   2.32957419308   2996.53212227   0.0314230885383 
0.00591271433297 370501.192759   0.0             0.0             0.501663630721  98.3878859748   1113.13186175   1.87810524734   2.33473364378   2998.1281256    0.031423129584  
0.00592052055937 371334.334851   0.0             0.0             0.501675602694  98.368382458    1112.91120465   1.90193317678   2.3398924164    2999.57515348   0.0314231702647 
0.00592833102374 372167.408102   0.0             0.0             0.501687624236  98.3489858073   1112.69175659   1.92613427619   2.3450510979    3000.87410403   0.0314232105806 
0.00593614565653 373000.498811   0.0             0.0             0.501699695304  98.3297108995   1112.47368591   1.95071493954   2.35021026861   3002.02614002   0.0314232505329 
0.00594396439714 373832.84366    0.0             0.0             0.501711816294  98.3104619297   1112.25590867   1.97569947539   2.35546717017   3003.03156447   0.0314232901888 
0.00595178716453 374666.163083   0.0             0.0             0.501723987144  98.2914628227   1112.04095832   2.00106552153   2.36062958458   3003.89486635   0.0314233294206 
0.00595961388612 375499.79262    0.0             0.0             0.501736207389  98.2726306734   1111.82789687   2.02682823615   2.36579431416   3004.61628514   0.0314233682934 
