0.0             0.369209963922  0.0             0.0             0.5             3.23644514184   36.6161969078   0.0735430188415 0.00398070085392 1.97580274947   1.99867733092e-05 
6.103515625e-05 0.369208248155  0.0             0.0             0.500000027336  3.23644458098   36.6161905623   0.0735420686356 0.00407812847587 1.97579143743   1.99867732638e-05 
0.0001220703125 0.389196187996  0.0             0.0             0.500000060732  3.35615464169   37.9705552936   0.0747941959034 0.00427021725483 1.974206223     1.99862226321e-05 
0.00018310546875 0.410113280136  0.0             0.0             0.5000001       3.47761895315   39.3447671065   0.0761258933738 0.00447693488953 1.97246704963   1.99856651102e-05 
0.000244140625  0.432347156542  0.0             0.0             0.50000014614   3.60299434471   40.7632277395   0.0775347171679 0.00470068022336 1.97056639962   1.99850892686e-05 
0.00030517578125 0.455975327271  0.0             0.0             0.500000200189  3.73236857974   42.2269301219   0.079024863854  0.0049428171788 1.96852544493   1.99844946645e-05 
0.0003662109375 0.481086444954  0.0             0.0             0.500000263289  3.86587128011   43.7373407578   0.0805998978717 0.00520492595935 1.96637442944   1.99838806006e-05 
0.00042724609375 0.507774789142  0.0             0.0             0.500000336699  4.0036365132    45.2959764462   0.0822617886961 0.00548878453421 1.96415335617   1.99832463612e-05 
0.00048828125   0.536140646215  0.0             0.0             0.500000421812  4.14580315683   46.9044084105   0.0840096905315 0.00579638533565 1.9619147563    1.99825912075e-05 
0.00054931640625 0.566290535911  0.0             0.0             0.50000052017   4.2925145051    48.5642578383   0.0858385177923 0.00612994901888 1.95972780448   1.99819143848e-05 
0.0006103515625 0.598337386842  0.0             0.0             0.500000633477  4.44391770989   50.2771895632   0.0877374119815 0.00649188010043 1.9576826603    1.99812151343e-05 
0.00067138671875 0.632400585126  0.0             0.0             0.500000763609  4.60016233889   52.0448957502   0.0896870944752 0.00688467472144 1.95593140173   1.99804926895e-05 
0.000732421875  0.668605951896  0.0             0.0             0.500000912608  4.76139866486   53.8690765417   0.0916572584007 0.00731074705223 1.95492628081   1.99797462745e-05 
0.00079345703125 0.707085774002  0.0             0.0             0.500001082652  4.92777604372   55.751421707    0.093605002349  0.00777215587936 1.95444918015   1.99789751048e-05 
0.0008544921875 0.747979111469  0.0             0.0             0.500001276008  5.09944172241   57.6935971549   0.0954751998397 0.00827022111914 1.95464045076   1.99781783781e-05 
0.00091552734375 0.791432756375  0.0             0.0             0.50000149493   5.27654117477   59.6972487343   0.0972045641351 0.00880508011214 1.9556182029    1.99773552524e-05 
0.0009765625    0.837603208381  0.0             0.0             0.500001741543  5.45922122791   61.764037604    0.0987308004341 0.00937532636887 1.95743961103   1.99765048094e-05 
0.00103759765625 0.886659689941  0.0             0.0             0.500002017697  5.64763685094   63.8957170397   0.100006351652  0.0099779835622 1.96005372582   1.99756260048e-05 
0.0010986328125 0.938787533803  0.0             0.0             0.500002324858  5.84196070921   66.0942405265   0.101012865746  0.0106090526246 1.96326207034   1.99747176223e-05 
0.00115966796875 0.994190705255  0.0             0.0             0.500002664072  6.04239233591   68.361865525    0.101769775641  0.0112646274453 1.96671117448   1.99737782574e-05 
0.001220703125  1.05309252503   0.0             0.0             0.500003036036  6.2491630799    70.7012094486   0.102351608911  0.0119421787833 1.96993729713   1.9972806343e-05 
0.00128173828125 1.11573486346   0.0             0.0             0.500003441263  6.4625350756    73.1152380098   0.102823342803  0.0126414266118 1.97247085129   1.99718002106e-05 
0.0013427734375 1.18237706422   0.0             0.0             0.500003880291  6.68279592561   75.6072050605   0.103261362887  0.0133644912878 1.9739856645    1.99707581556e-05 
0.00140380859375 1.25329575704   0.0             0.0             0.500004353867  6.91025241195   78.1805814433   0.103741979198  0.0141154566788 1.97442208733   1.99696784823e-05 
0.00146484375   1.32878593254   0.0             0.0             0.500004863079  7.14522574643   80.8390012545   0.104327069619  0.0148996934853 1.97397488057   1.99685595192e-05 
0.00152587890625 1.40916301792   0.0             0.0             0.500005409434  7.38804927366   83.5862358583   0.105061480174  0.0157232302075 1.97294699757   1.99673996118e-05 
0.0015869140625 1.49476551572   0.0             0.0             0.50000599487   7.63906843364   86.426193462    0.105974055989  0.0165923050427 1.97160452265   1.99661971045e-05 
0.00164794921875 1.58595788774   0.0             0.0             0.500006621755  7.89864235739   89.3629371692   0.107080551625  0.0175131157949 1.97011806354   1.99649503193e-05 
0.001708984375  1.68313355485   0.0             0.0             0.500007292856  8.16714645382   92.400714247    0.108387088637  0.0184917287215 1.96856929254   1.99636575396e-05 
0.00177001953125 1.78671802717   0.0             0.0             0.500008011315  8.44497553985   95.5439915389   0.109893405071  0.0195340934948 1.96723020173   1.99623169974e-05 
0.0018310546875 1.89717224444   0.0             0.0             0.500008780619  8.73254721416   98.7974936346   0.111595487513  0.0206461195475 1.96599561343   1.99609268676e-05 
0.00189208984375 2.0149961787    0.0             0.0             0.500009604587  9.03030485512   102.166236788   0.113486761446  0.0218337857098 1.96473926357   1.99594852677e-05 
0.001953125     2.14073294165   0.0             0.0             0.500010487357  9.33872163401   105.65557432    0.115566900425  0.0231032496676 1.96341143131   1.99579902578e-05 
0.00201416015625 2.27497336608   0.0             0.0             0.500011433386  9.65830434472   109.271239951   0.117828069393  0.0244609621951 1.96195452097   1.99564398434e-05 
0.0020751953125 2.41836113745   0.0             0.0             0.500012447453  9.98959693363   113.019387729   0.120259673225  0.0259137829584 1.96030445423   1.9954831983e-05 
0.00213623046875 2.57159860435   0.0             0.0             0.500013534671  10.3331842601   116.906634585   0.122855358804  0.027469093618  1.95839203651   1.99531645979e-05 
0.002197265625  2.73545346888   0.0             0.0             0.500014700506  10.6896970594   120.940116472   0.125608838459  0.0291349079225 1.95614414367   1.99514355802e-05 
0.00225830078125 2.91076636202   0.0             0.0             0.500015950793  11.0598169848   125.127545419   0.128513541428  0.0309199921276 1.95348471952   1.9949642803e-05 
0.0023193359375 3.09804792518   0.0             0.0             0.500017247657  11.4297320319   129.31265643    0.107385366695  0.031600076717  1.9585259966    1.9947673274e-05 
0.00238037109375 3.29908158919   0.0             0.0             0.500018599846  11.8282779573   133.821688854   0.108781844568  0.0336785742331 1.95247005118   1.99457393814e-05 
0.00244140625   3.51456563034   0.0             0.0             0.500020061164  12.2424684837   138.507719733   0.110190830149  0.0359133481703 1.94545353317   1.99437351419e-05 
0.00250049109988 3.74577381877   0.0             0.0             0.500021588709  12.6734272638   143.383461745   0.111677187306  0.0382775586574 1.9372555291    1.99416584463e-05 
0.00255751798875 3.9859958787    0.0             0.0             0.500023177459  13.1078122659   148.297967036   0.113241048849  0.0407328123857 1.92815275931   1.99395751008e-05 
0.00261257881111 4.23461761511   0.0             0.0             0.500024826198  13.5443538745   153.236871543   0.114874422262  0.0432758589959 1.91822169443   1.99374922515e-05 
0.00266580075882 4.49165645924   0.0             0.0             0.500026534823  13.9829654065   158.199194561   0.116560930092  0.0459077507656 1.90752035913   1.99354121142e-05 
0.00271729925639 4.75732278898   0.0             0.0             0.50002830325   14.4238828496   163.187605984   0.118305046985  0.0486307866203 1.89609287704   1.99333354324e-05 
0.00276715114818 5.03183946978   0.0             0.0             0.500030130394  14.867334597    168.204689787   0.120156553531  0.0514467896242 1.88397812028   1.99312630197e-05 
0.00281543986892 5.31528049903   0.0             0.0             0.500032015609  15.3132951946   173.250157991   0.122094544393  0.0543573194111 1.87121914816   1.99291968639e-05 
0.00286225679954 5.60779073135   0.0             0.0             0.500033958858  15.7618491133   178.324966273   0.124103603652  0.0573649793645 1.85785527734   1.99271384103e-05 
0.00290768204569 5.90961155533   0.0             0.0             0.500035960018  16.2132137064   183.431573706   0.126187881763  0.0604730639128 1.84392249149   1.99250884951e-05 
0.00295175725697 6.22097258345   0.0             0.0             0.50003801753   16.6675656729   188.571979411   0.1284193402    0.0636839940681 1.82945923802   1.99230481391e-05 
0.00299455667782 6.54187486042   0.0             0.0             0.500040131514  17.1247465289   193.744390347   0.13073955237   0.0670004425594 1.81499531855   1.99210198121e-05 
0.00303614879306 6.87257536443   0.0             0.0             0.500042302187  17.5849631571   198.951147125   0.133150029209  0.0704268232923 1.8003771609    1.99190043035e-05 
0.00307656901678 7.20888812476   0.0             0.0             0.500044513576  18.0547020874   204.265636453   0.142955676782  0.0736699047612 1.90665025959   1.99170545858e-05 
0.00311586854058 7.55914239494   0.0             0.0             0.500046762755  18.521663044    209.548696596   0.144663343336  0.0772238520204 1.90151824532   1.99150739713e-05 
0.00315410332308 7.92010852156   0.0             0.0             0.500049060966  18.992166327    214.871833587   0.146572513029  0.0808831960553 1.89602054959   1.99131113872e-05 
0.00319132654353 8.2916558371    0.0             0.0             0.500051407923  19.4661029674   220.233814584   0.148496482587  0.0846483977463 1.8901792446    1.99111669145e-05 
0.00322757142178 8.67406941877   0.0             0.0             0.500053802301  19.9436593143   225.636747885   0.150421371509  0.088521233438  1.88401130994   1.99092412856e-05 
0.00326286877293 9.06747186099   0.0             0.0             0.500056242686  20.4248014892   231.080250198   0.152354613544  0.0925024853657 1.87751230178   1.99073360139e-05 
0.00329726397024 9.47196913423   0.0             0.0             0.500058728781  20.9094796736   236.563757893   0.154315078979  0.0965936702371 1.87067588729   1.99054525629e-05 
0.00333079937512 9.88785411122   0.0             0.0             0.500061260301  21.3978625128   242.089178971   0.156275627996  0.100797249618  1.86349185849   1.99035914672e-05 
0.00336350860766 10.3154284523   0.0             0.0             0.500063836504  21.890112797    247.658355195   0.158236328234  0.105115311496  1.8559490142    1.9901753244e-05 
0.00339540589746 10.7549244942   0.0             0.0             0.500066455191  22.3862992093   253.272063625   0.160196991035  0.109548318947  1.848036543     1.9899938699e-05 
0.00342652811787 11.2063201817   0.0             0.0             0.500069116034  22.886211672    258.927927503   0.162156485469  0.114096837668  1.83974743894   1.98981495372e-05 
0.00345690983788 11.6699137206   0.0             0.0             0.500071818701  23.3899965253   264.627602479   0.16411496927   0.118763035407  1.8310683999    1.98963860664e-05 
0.00348658351512 12.1460078776   0.0             0.0             0.500074562866  23.8977921352   270.372653987   0.166084869078  0.123549052846  1.82198548786   1.98946485832e-05 
0.00351556714733 12.6349158651   0.0             0.0             0.500077346996  24.4097329794   276.164603467   0.168098059271  0.128455998536  1.81248425267   1.98929373439e-05 
0.003543876958  13.1367374784   0.0             0.0             0.500080169397  24.9257266782   282.002405762   0.170114116273  0.133483649289  1.80255435118   1.98912532807e-05 
0.00357154174743 13.6515336063   0.0             0.0             0.500083029673  25.4456513269   287.884681679   0.172132796992  0.138632645264  1.79218664495   1.9889597292e-05 
0.00359858864173 14.1796007975   0.0             0.0             0.500085927424  25.9696211834   293.812723898   0.174154769551  0.143904818985  1.78136814457   1.98879694314e-05 
0.00362504322189 14.7212384488   0.0             0.0             0.500088862251  26.4977434552   299.787745334   0.176180831647  0.149302023785  1.77008688635   1.98863697318e-05 
0.00365092544881 15.2767519645   0.0             0.0             0.500091833277  27.0301207358   305.810906698   0.178242681774  0.154825727482  1.75833233613   1.98847981921e-05 
0.00367624011526 15.8463626738   0.0             0.0             0.500094837911  27.566764109    311.88233339    0.180353812617  0.160475407469  1.74666230369   1.98832550243e-05 
0.00370099644075 16.4261215549   0.0             0.0             0.500097882332  28.1184562973   318.124017989   0.216444998618  0.166728228938  1.90057596139   1.98817474138e-05 
0.00372523057428 17.0228635906   0.0             0.0             0.500100969059  28.6630345379   324.285217459   0.219849919218  0.172708105458  1.89375563701   1.98802631563e-05 
0.00374896307601 17.6344146739   0.0             0.0             0.500104090997  29.2118546796   330.49440856    0.223477921496  0.178830464849  1.88695442753   1.98788078467e-05 
0.00377221351741 18.2607286581   0.0             0.0             0.500107247978  29.7648509639   336.750847322   0.22717057029   0.185096753845  1.87989742324   1.9877381252e-05 
0.00379499777148 18.9020728493   0.0             0.0             0.500110439562  30.3220859184   343.055241162   0.230917068575  0.191509512019  1.87258342035   1.98759831393e-05 
0.00381731715069 19.5586569501   0.0             0.0             0.500113663315  30.8835521846   349.407506829   0.234717443959  0.198068970357  1.8650145201    1.98746134108e-05 
0.00383918960641 20.2302474166   0.0             0.0             0.500116919187  31.4488862307   355.803531432   0.238570215158  0.204775328469  1.85719927847   1.98732727506e-05 
0.00386063217077 20.9170888993   0.0             0.0             0.500120207138  32.018132435    362.243817051   0.24247624256   0.211631216627  1.84914258747   1.98719607769e-05 
0.00388166102046 21.6194211533   0.0             0.0             0.500123527155  32.5913265561   368.728768251   0.246436191813  0.218639224689  1.84085143994   1.98706771112e-05 
0.00390229153195 22.3374815103   0.0             0.0             0.500126879249  33.168499214    375.258731456   0.250478872477  0.225801899878  1.83233525143   1.98694213641e-05 
0.0039225383324 23.0715042183   0.0             0.0             0.500130263454  33.7496757332   381.83399318    0.254583232111  0.233121730464  1.82360620206   1.98681931368e-05 
0.00394241534677 23.8217198128   0.0             0.0             0.500133679827  34.3348760617   388.454779111   0.258742734235  0.240601131431  1.81467947207   1.98669920223e-05 
0.00396192033259 24.58837196     0.0             0.0             0.500137125682  34.9241147714   395.121254109   0.262956422789  0.248239547074  1.80557335858   1.98658176066e-05 
0.00398106664328 25.3710426735   0.0             0.0             0.500140601034  35.5169302732   401.828195889   0.267219644461  0.256035752394  1.79682982437   1.98646703657e-05 
0.00399986725434 26.1699057276   0.0             0.0             0.500144105941  36.1133161777   408.575532166   0.271530157528  0.263991497093  1.78804044834   1.98635498093e-05 
0.00401833453373 26.9851364603   0.0             0.0             0.50014764047   36.7132656081   415.363185135   0.27588538224   0.272108457162  1.77914259851   1.98624554439e-05 
0.00403648027855 27.8169034086   0.0             0.0             0.500151204703  37.3167663762   422.191016905   0.280282240846  0.280388187267  1.77016465127   1.98613867758e-05 
0.00405431574894 28.6653677348   0.0             0.0             0.500154798727  37.9238009857   429.058829526   0.284717146282  0.288832114188  1.76113740583   1.98603433128e-05 
0.00407185169966 29.5306825455   0.0             0.0             0.500158422642  38.5343465365   435.966363912   0.289186007521  0.297441530403  1.75209382658   1.98593245642e-05 
0.00408910551549 30.4058669964   0.0             0.0             0.500162104131  39.1341078988   442.751889135   0.246338783466  0.308227093912  1.9458544666    1.985833275e-05 
0.00410607671032 31.3049972749   0.0             0.0             0.50016584188   39.7514134111   449.735903755   0.248312653077  0.317303530893  1.94517840633   1.98573618498e-05 
0.00412276572448 32.2214559839   0.0             0.0             0.500169609524  40.3720612136   456.757732074   0.250691686925  0.32655034024   1.94428295555   1.98564143057e-05 
0.00413918226353 33.1546586939   0.0             0.0             0.500173407273  40.9956516496   463.81285249    0.253117036053  0.335965305058  1.94338299248   1.98554901879e-05 
0.00415533560958 34.1046575317   0.0             0.0             0.50017723526   41.6221341849   470.900693273   0.255551258175  0.345549045644  1.94248663338   1.98545889603e-05 
0.00417123464532 35.0715171292   0.0             0.0             0.500181093631  42.2514536588   478.020630354   0.25799051331   0.355302129179  1.94159634522   1.98537101023e-05 
0.00418688787613 36.0552948755   0.0             0.0             0.500184982538  42.8835503093   485.171987601   0.260435186242  0.365225011186  1.94071475557   1.98528531015e-05 
0.00420230345082 37.0560371156   0.0             0.0             0.500188902139  43.5183592996   492.354031469   0.262886324539  0.375318020381  1.93984463233   1.98520174544e-05 
0.00421748918096 38.0737782303   0.0             0.0             0.500192852598  44.1558106962   499.565970753   0.265345180501  0.385581352711  1.93898884481   1.9851202667e-05 
0.00423245255906 39.1085401742   0.0             0.0             0.500196834082  44.795829513    506.806957081   0.267813160295  0.396015066712  1.93815039075   1.98504082549e-05 
0.00424720077555 40.1603319409   0.0             0.0             0.500200846764  45.4383356404   514.076084115   0.270291827953  0.406619079517  1.93733243048   1.98496337429e-05 
0.00426174073471 41.2291491615   0.0             0.0             0.500204890822  46.0832438727   521.372387864   0.272782911257  0.417393163999  1.93653830243   1.9848878666e-05 
0.00427607716935 42.3149805228   0.0             0.0             0.500208965892  46.7304639569   528.694847231   0.275288303698  0.428336284412  1.93577151781   1.98481425688e-05 
0.00429020929358 43.4176688287   0.0             0.0             0.500213070037  47.3798148203   536.041413613   0.277809773746  0.439444500016  1.93503582014   1.98474250995e-05 
0.00430414373432 44.5365624985   0.0             0.0             0.500217203434  48.0308632291   543.407185529   0.28034836441   0.450713883515  1.93433526069   1.98467261665e-05 
0.00431788685715 45.6715780466   0.0             0.0             0.500221366255  48.6835071181   550.791008243   0.282906249891  0.46214341762   1.93367358559   1.98460453018e-05 
0.00433144478027 46.822617818    0.0             0.0             0.500225558672  49.3376390948   558.191666747   0.285485831739  0.473731961236  1.93305433598   1.98453820527e-05 
0.00434482338702 47.9895697687   0.0             0.0             0.500229780862  49.9931474144   565.607896794   0.288089577125  0.485478257723  1.93248074716   1.98447359783e-05 
0.00435802833782 49.1723071265   0.0             0.0             0.500234033007  50.6499159893   573.038385001   0.290719945762  0.497380945212  1.93195553185   1.98441066496e-05 
0.00437106508119 50.3706881984   0.0             0.0             0.500238315291  51.3078244393   580.481769423   0.293379314855  0.509438569626  1.93148062392   1.98434936488e-05 
0.00438393886432 51.5845562157   0.0             0.0             0.500242627906  51.9667481453   587.936640156   0.296069892738  0.521649599677  1.93105689234   1.98428965693e-05 
0.00439665474281 52.8137392107   0.0             0.0             0.500246971049  52.6265583044   595.40153996    0.298793623485  0.534012443026  1.93068384119   1.98423150157e-05 
0.00440921758998 54.058049922    0.0             0.0             0.500251344924  53.2871219846   602.874964883   0.301552087519  0.546525462687  1.9303593188    1.98417486027e-05 
0.00442163210551 55.317285728    0.0             0.0             0.500255749745  53.9483021788   610.355364866   0.304346405357  0.559186992348  1.93007926285   1.98411969555e-05 
0.00443390282372 56.5912286127   0.0             0.0             0.500260185736  54.6099578612   617.841144383   0.307177153265  0.571995349     1.92983751226   1.98406597092e-05 
0.00444603412118 57.8796451621   0.0             0.0             0.500264653131  55.2719440434   625.330663079   0.310044300893  0.584948841212  1.92962571753   1.98401365085e-05 
0.00445803022405 59.1822865867   0.0             0.0             0.500269152178  55.9341118438   632.822236551   0.312947178819  0.598045769826  1.92943337222   1.9839627007e-05 
0.00446989445056 60.4988944151   0.0             0.0             0.500273682848  56.5963086157   640.314137796   0.31588447846   0.611284034772  1.92924797547   1.98391308675e-05 
0.00448162552137 61.8291391655   0.0             0.0             0.500278243366  57.2583356556   647.804118745   0.318854143975  0.62465873434   1.92905538016   1.98386477917e-05 
0.00449322755653 63.1720868578   0.0             0.0             0.500282834033  57.9197388851   655.287042084   0.321852646727  0.63816464999   1.92884035488   1.98381776634e-05 
0.00450470453514 64.5274193983   0.0             0.0             0.50028745516   58.5803622236   662.761141963   0.324877158396  0.651799768805  1.92858725817   1.98377201463e-05 
0.00451606134338 65.8947959631   0.0             0.0             0.500292115842  59.2414539291   670.24054081    0.322388609765  0.666533298842  1.89345272545   1.98372765516e-05 
0.0045273005484 67.2742644373   0.0             0.0             0.500296815874  59.9000015422   677.691156537   0.325066160219  0.680418187508  1.88986313283   1.98368430327e-05 
0.00453842573281 68.665033982    0.0             0.0             0.500301547366  60.5572794719   685.127407437   0.327684667454  0.694413935043  1.88639214952   1.98364211947e-05 
0.00454944037377 70.0667591695   0.0             0.0             0.500306310628  61.2130916956   692.547075766   0.330302982366  0.708516737624  1.88280689      1.98360107288e-05 
0.0045603478361 71.4790695443   0.0             0.0             0.500311105921  61.8672700935   699.948259466   0.332931443085  0.722722404208  1.87909654747   1.98356113522e-05 
0.00457115137759 72.9015704133   0.0             0.0             0.50031593351   62.5196433155   707.329019932   0.335573091994  0.737026566146  1.87526302342   1.98352227905e-05 
0.00458185415369 74.333853307    0.0             0.0             0.50032079366   63.1700382423   714.687398543   0.338229538627  0.75142476479   1.87131070737   1.98348447777e-05 
0.00459245922193 75.7754979707   0.0             0.0             0.500325686636  63.8182803095   722.021420328   0.340908318404  0.765912479395  1.86724505215   1.98344770559e-05 
0.00460296954606 77.2260731513   0.0             0.0             0.500330612705  64.4641937366   729.329096558   0.343629701461  0.780485144739  1.86307212408   1.98341193749e-05 
0.00461338799999 78.6851371795   0.0             0.0             0.500335572138  65.1076017414   736.60842717    0.346369702298  0.795138162772  1.85879837571   1.98337714922e-05 
0.00462371737156 80.1522385311   0.0             0.0             0.500340565206  65.7483267534   743.857403185   0.349128925853  0.809866909101  1.85443051593   1.98334331722e-05 
0.00463396036599 81.6269164018   0.0             0.0             0.500345592187  66.3861906325   751.074009174   0.35190780137   0.824666735161  1.84997546224   1.98331041865e-05 
0.0046441196093 83.1087013025   0.0             0.0             0.50035065336   67.0210148899   758.25622577    0.354706605617  0.839532967187  1.84544037052   1.98327843131e-05 
0.00465419765138 84.5971156723   0.0             0.0             0.500355749012  67.6526209158   765.402032234   0.357525495562  0.854460903322  1.84083273376   1.98324733366e-05 
0.00466419696904 86.0916745077   0.0             0.0             0.500360879434  68.2808302095   772.509409059   0.360364546749  0.869445810055  1.83616053665   1.98321710477e-05 
0.00467411996882 87.5918860102   0.0             0.0             0.500366044922  68.9054646132   779.576340621   0.363223793884  0.884482918937  1.83143245409   1.9831877243e-05 
0.00468396898951 89.0972522646   0.0             0.0             0.500371245778  69.5263465562   786.600817937   0.366103271236  0.899567424027  1.8266580819    1.98315917251e-05 
0.00469374630465 90.6072699124   0.0             0.0             0.500376482312  70.1432992988   793.580841424   0.369003049348  0.91469448036   1.82184818066   1.98313143023e-05 
0.00470345412523 92.1214307818   0.0             0.0             0.500381754837  70.7561471559   800.514423434   0.371923265011  0.92985920493   1.81701490689   1.98310447882e-05 
0.00471309460217 93.6392226187   0.0             0.0             0.500387063672  71.3647157593   807.399591214   0.374864147291  0.94505667849   1.8121720465    1.98307830016e-05 
0.0047226698285 95.1601298711   0.0             0.0             0.500392409144  71.9688323298   814.234389992   0.377826038081  0.960281948003  1.80733523935   1.98305287667e-05 
0.00473218080496 96.6836522216   0.0             0.0             0.500397790994  72.5683258803   821.016885269   0.380809407086  0.975529341956  1.80252218613   1.98302819121e-05 
0.00474162781231 98.2091188746   0.0             0.0             0.500403208555  73.1629633733   827.744440528   0.3838406039    0.990791746569  1.79775337204   1.98300422973e-05 
0.00475101291887 99.735701052    0.0             0.0             0.500408662191  73.7524731292   834.413982063   0.386902993795  1.00606258128   1.79305202875   1.98298097996e-05 
0.00476033813702 101.262887162   0.0             0.0             0.500414152263  74.3367002154   841.023757013   0.389987788832  1.02133693504   1.78844304402   1.9829584254e-05 
0.00476960542503 102.790170229   0.0             0.0             0.500419679139  74.9154932401   847.572052576   0.393095832763  1.03660991974   1.78395409046   1.98293655001e-05 
0.00477881668813 104.317045569   0.0             0.0             0.500425243189  75.4887039039   854.057190935   0.396228110679  1.05187666078   1.7796157947    1.98291533822e-05 
0.00478797378092 105.843011009   0.0             0.0             0.500430844785  76.0561871021   860.477530417   0.399385728981  1.06713229899   1.7754619259    1.98289477494e-05 
0.00479707850967 107.367567652   0.0             0.0             0.500436484306  76.617801183    866.831468418   0.402569897732  1.08237199894   1.77152955659   1.98287484547e-05 
0.00480613146249 108.887218787   0.0             0.0             0.500442157052  77.1765600462   873.153103317   0.42707987315   1.09688677544   1.9294191699    1.98285585493e-05 
0.00481513550206 110.406405612   0.0             0.0             0.500447864087  77.7259373224   879.368597676   0.430569615721  1.11206431381   1.9288044106    1.98283716346e-05 
0.00482409230467 111.923124798   0.0             0.0             0.500453610094  78.2690434071   885.513141602   0.434343310219  1.12721464425   1.92820512461   1.98281906323e-05 
0.00483300349965 113.436545268   0.0             0.0             0.500459395491  78.8057494144   891.585276918   0.438202264144  1.14233072964   1.92757508272   1.98280154246e-05 
0.0048418706761 114.946135265   0.0             0.0             0.500465220676  79.335929573    897.583580684   0.442111736398  1.15740762949   1.92691546739   1.98278458835e-05 
0.00485069538384 116.451420103   0.0             0.0             0.500471086049  79.8594654962   903.506713509   0.446065477343  1.172440738     1.92623134184   1.98276818846e-05 
0.00485947913462 117.951942172   0.0             0.0             0.500476992016  80.3762439295   909.353394062   0.450062995171  1.18742556826   1.92552928009   1.98275233065e-05 
0.00486822340327 119.447254506   0.0             0.0             0.500482938981  80.8861564766   915.122395979   0.454105045281  1.20235772619   1.92481721059   1.98273700306e-05 
0.00487692962892 120.936919878   0.0             0.0             0.500488927348  81.3890995889   920.812547744   0.458192650504  1.21723291015   1.92410444844   1.98272219416e-05 
0.00488559921608 122.420511023   0.0             0.0             0.500494957526  81.8849746579   926.422733726   0.462326869882  1.23204691286   1.92340175686   1.98270789275e-05 
0.00489423353568 123.897611186   0.0             0.0             0.500501029921  82.3736882062   931.951896352   0.466508738166  1.24679562628   1.92272137784   1.98269408786e-05 
0.00490283392607 125.367814517   0.0             0.0             0.50050714494   82.855152051    937.399037945   0.470739248857  1.26147504568   1.92207700136   1.9826807688e-05 
0.00491140169398 126.830726744   0.0             0.0             0.500513302992  83.3292834544   942.763222433   0.475019350975  1.27608127115   1.92148363623   1.98266792514e-05 
0.00491993811547 128.285965474   0.0             0.0             0.500519504485  83.796004973    948.043573644   0.479349955886  1.29061051571   1.92095732369   1.98265554674e-05 
0.00492844443682 129.733160351   0.0             0.0             0.500525749826  84.255244437    953.239275071   0.483731945343  1.30505911089   1.92051470899   1.98264362364e-05 
0.00493692187537 131.171953709   0.0             0.0             0.500532039421  84.7069352164   958.34957288    0.488166175078  1.31942350723   1.92017244613   1.98263214612e-05 
0.00494537162032 132.602000879   0.0             0.0             0.500538373676  85.1510162527   963.373776275   0.492653485742  1.33370027717   1.91994626672   1.98262110468e-05 
0.00495379483346 134.022970474   0.0             0.0             0.500544752991  85.587432107    968.311258035   0.497194719891  1.34788611983   1.91984961344   1.98261048998e-05 
0.00496219264997 135.434544672   0.0             0.0             0.50055117777   86.0161330073   973.161455054   0.501790744808  1.36197786517   1.91989171656   1.98260029289e-05 
0.00497056617909 136.836419443   0.0             0.0             0.50055764841   86.4370748099   977.923867904   0.50644247897   1.37597247758   1.92007496396   1.9825905045e-05 
0.0049789165046 138.228304975   0.0             0.0             0.50056416531   86.8502190823   982.59806177    0.51115091602   1.38986706029   1.92039133041   1.98258111606e-05 
0.00498724468541 139.609925833   0.0             0.0             0.500570728863  87.2555331503   987.183666986   0.515917152999  1.40365885504   1.92081756922   1.98257211903e-05 
0.00499555175629 140.981021038   0.0             0.0             0.500577339461  87.6529901      991.680379056   0.520742431275  1.41734524377   1.92130895559   1.98256350502e-05 
0.00500383872851 142.341344292   0.0             0.0             0.500583997489  88.042568824    996.087959176   0.525664574466  1.43092375292   1.92179153439   1.98255526582e-05 
0.00501210659057 143.690663983   0.0             0.0             0.500590703331  88.4242539303   1000.40623321   0.530655748754  1.44439205635   1.92215328441   1.98254739335e-05 
0.00502035630879 145.028763341   0.0             0.0             0.500597457366  88.7980357146   1004.63509136   0.535716142365  1.45774797776   1.92223561252   1.98253987969e-05 
0.00502858882787 146.355440603   0.0             0.0             0.500604259965  89.1639102055   1008.77448869   0.540848337376  1.47098949199   1.92182821068   1.98253271705e-05 
0.00503680507127 147.670509091   0.0             0.0             0.500611111496  89.5218791632   1012.82444513   0.546055198343  1.48411472676   1.92067220593   1.98252589783e-05 
0.00504500594167 148.973797305   0.0             0.0             0.500618012319  89.8719501031   1016.7850457    0.551339866566  1.49712196487   1.91847723314   1.98251941451e-05 
0.0050531923214 150.26514875    0.0             0.0             0.500624962785  90.214136187    1020.65643931   0.556705732304  1.51000964745   1.91495497932   1.98251325975e-05 
0.0050613650729 151.544422131   0.0             0.0             0.500631963237  90.5484562368   1024.4388389    0.56215638277   1.52277637669   1.90986388208   1.98250742632e-05 
0.00506952503906 152.811491205   0.0             0.0             0.500639014012  90.8749345731   1028.13251962   0.56769551972   1.53542091163   1.90305115744   1.98250190714e-05 
0.00507767304363 154.066244193   0.0             0.0             0.500646115432  91.1936007297   1031.73781563   0.573326837105  1.54794216045   1.89447727459   1.98249669522e-05 
0.00508580401743 155.308763374   0.0             0.0             0.500653262634  91.5044893928   1035.25511934   0.579148353258  1.56033612496   1.88421721249   1.98249178367e-05 
0.00509389924672 156.538534851   0.0             0.0             0.500660438477  91.8074287633   1038.68248707   0.5850746186    1.57258652908   1.87336134323   1.98248716891e-05 
0.00510196022709 157.752066334   0.0             0.0             0.500667643376  92.1017895938   1042.0127997    0.591092277354  1.58467500645   1.86224912975   1.98248285373e-05 
0.00510998840563 158.949408938   0.0             0.0             0.500674877695  92.3876963539   1045.24746544   0.597198208945  1.59660252099   1.84993220491   1.9824788288e-05 
0.00511798518212 160.130719148   0.0             0.0             0.500682141784  92.6652908952   1048.38808916   0.603389654574  1.60837068461   1.83680396724   1.98247508497e-05 
0.00512595191084 161.296166377   0.0             0.0             0.500689435985  92.9347153538   1051.43627895   0.609662357088  1.61998123233   1.82328381294   1.98247161336e-05 
0.00513388990244 162.44592627    0.0             0.0             0.500696760629  93.1961109874   1054.39363295   0.616059298142  1.63143598462   1.80979937076   1.98246840535e-05 
0.00514180042557 163.580179461   0.0             0.0             0.500704116043  93.4496176595   1057.26173354   0.622576046273  1.64273683914   1.7967728393    1.98246545262e-05 
0.00514968470854 164.699111152   0.0             0.0             0.500711502554  93.6953734494   1060.04214291   0.629142266869  1.65388576225   1.78460822881   1.98246274706e-05 
0.00515754394083 165.802911085   0.0             0.0             0.500718920492  93.9335144448   1062.73640071   0.635743133251  1.66488477699   1.7736778536    1.98246028083e-05 
0.00516537927452 166.891773743   0.0             0.0             0.500726370195  94.164174686    1065.34602344   0.642362899021  1.67573594711   1.76430790259   1.98245804629e-05 
0.00517319182566 167.96589864    0.0             0.0             0.500733852016  94.3874862527   1067.87250541   0.648986023507  1.68644135993   1.75676414502   1.98245603605e-05 
0.00518098267555 169.025490743   0.0             0.0             0.500741366324  94.6035796181   1070.31732276   0.655598449709  1.6970031107    1.75123961782   1.98245424293e-05 
0.00518875287189 170.070760794   0.0             0.0             0.50074891351   94.8125842064   1072.68193975   0.662188851185  1.70742329102   1.74784638749   1.98245265995e-05 
0.00519650342997 171.101925323   0.0             0.0             0.500756493984  95.0146290491   1074.9678162    0.668749641266  1.71770398293   1.74661308935   1.98245128037e-05 
0.00520423533366 172.119206287   0.0             0.0             0.500764108177  95.2098434329   1077.17641483   0.675277572314  1.72784726011   1.74748898441   1.98245009764e-05 
0.0052119495364 173.122830328   0.0             0.0             0.500771756537  95.3983574307   1079.30920725   0.681773837477  1.73785519481   1.75035402785   1.98244910543e-05 
0.00521964696216 174.113027773   0.0             0.0             0.500779439527  95.580302243    1081.36767782   0.68824369853   1.74772986881   1.75503328532   1.98244829759e-05 
0.00522732850658 175.090031519   0.0             0.0             0.500787157617  95.7558103078   1083.35332491   0.69469575498   1.75747338592   1.76131343758   1.98244766814e-05 
0.00523499503789 176.05407596    0.0             0.0             0.500794911284  95.9250151816   1085.26765953   0.701141014866  1.76708788226   1.76895923511   1.98244721132e-05 
0.00524264739767 177.005396077   0.0             0.0             0.500802701003  96.0880512523   1087.1122021    0.707591932884  1.77657553326   1.77772800317   1.98244692147e-05 
0.00525028640165 177.944226742   0.0             0.0             0.500810527246  96.2450533533   1088.88847811   0.714061547517  1.78593855684   1.7873809568    1.98244679314e-05 
0.00525791284046 178.87080221    0.0             0.0             0.500818390479  96.3961563201   1090.59801303   0.720562765667  1.79517921445   1.79769160682   1.98244682099e-05 
0.00526552748038 179.785355965   0.0             0.0             0.500826291158  96.5414946419   1092.24232843   0.727107865257  1.80429980824   1.80845015124   1.98244699982e-05 
0.00527313106407 180.688120649   0.0             0.0             0.500834229725  96.6812021543   1093.82293851   0.733708181442  1.81330267547   1.81946497215   1.98244732457e-05 
0.00528072431121 181.579327953   0.0             0.0             0.500842206616  96.8154117124   1095.34134632   0.740373941473  1.82219018217   1.83056178061   1.98244779029e-05 
0.00528830791919 182.459208603   0.0             0.0             0.50085022225   96.9442549559   1096.79904122   0.747114209008  1.83096471622   1.84158090007   1.98244839215e-05 
0.0052958825637 183.327992359   0.0             0.0             0.500858277036  97.0678621288   1098.19749674   0.753936910242  1.83962868002   1.85237293321   1.98244912543e-05 
0.00530344889932 184.18590799    0.0             0.0             0.500866371369  97.1863619437   1099.53816911   0.760848910154  1.84818448276   1.86279315717   1.98244998553e-05 
0.0053110075601 185.03318324    0.0             0.0             0.500874505636  97.2998814831   1100.82249609   0.767887679775  1.85663453281   1.87269490089   1.98245096793e-05 
0.00531855916003 185.870044758   0.0             0.0             0.500882680211  97.4085461271   1102.05189619   0.775051600707  1.86498123031   1.8819225246    1.98245206825e-05 
0.00532610429366 186.696718013   0.0             0.0             0.500890895457  97.5124795011   1103.22776809   0.782318977651  1.87322695946   1.89030508745   1.98245328217e-05 
0.00533364353651 187.513427154   0.0             0.0             0.500899151729  97.6118034167   1104.35148992   0.789693558377  1.88137408138   1.89765274754   1.98245460551e-05 
0.00534117744559 188.320394935   0.0             0.0             0.500907449371  97.7066378553   1105.42441911   0.79717864114   1.88942492825   1.90375941822   1.98245603415e-05 
0.00534870655988 189.117842636   0.0             0.0             0.500915788721  97.7971009744   1106.44789247   0.804777152841  1.89738179772   1.90841614291   1.98245756407e-05 
0.0053562314007 189.905989906   0.0             0.0             0.500924170107  97.8833090754   1107.42322579   0.812491716172  1.90524694885   1.91143797335   1.98245919136e-05 
0.00536375255668 190.684590968   0.0             0.0             0.500932591078  97.9619690649   1108.31316199   0.827181560876  1.91187813694   1.89443929936   1.98246125597e-05 
0.00537127044536 191.45347582    0.0             0.0             0.500941051872  98.0398083954   1109.19381348   0.835690201346  1.91952488907   1.8907170024    1.98246307824e-05 
0.00537878553765 192.214316549   0.0             0.0             0.500949555645  98.113775089    1110.03065109   0.844417763474  1.92708985256   1.88685883097   1.98246498662e-05 
0.00538629828894 192.96683211    0.0             0.0             0.500958102686  98.1839397354   1110.82447345   0.853289507139  1.93457150947   1.88290633803   1.98246697773e-05 
0.00539380913937 193.711128943   0.0             0.0             0.500966693289  98.250399371    1111.57637839   0.86228449802   1.94197114143   1.87885682072   1.98246904797e-05 
0.00540131851382 194.447390562   0.0             0.0             0.500975327741  98.3132580163   1112.28754278   0.871397155666  1.94929056172   1.87470052858   1.98247119396e-05 
0.0054088268223 195.175814674   0.0             0.0             0.500984006322  98.3726196126   1112.95914258   0.880643205935  1.95653167857   1.87042457412   1.98247341236e-05 
0.00541633446021 195.896600757   0.0             0.0             0.500992729305  98.4285868837   1113.59233997   0.890035023685  1.96369640881   1.8670812224    1.98247569989e-05 
0.00542384180864 196.60994709    0.0             0.0             0.501001496959  98.4812611245   1114.18828097   0.899550331173  1.97078665974   1.86557503446   1.98247805335e-05 
0.00543134923468 197.31605021    0.0             0.0             0.501010309543  98.5307422142   1114.7480956    0.909192590363  1.97780432413   1.86382454794   1.9824804696e-05 
0.00543885709171 198.015104161   0.0             0.0             0.501019167309  98.57712853     1115.27289686   0.918965358339  1.98475127809   1.86181153683   1.98248294558e-05 
0.00544636571967 198.707300258   0.0             0.0             0.501028070502  98.62051695     1115.76378079   0.928872170214  1.9916293828    1.85952037832   1.98248547829e-05 
0.00545387544534 199.392827115   0.0             0.0             0.501037019358  98.6610028939   1116.22182696   0.938916456389  1.99844048823   1.85693966164   1.98248806478e-05 
0.00546138658263 200.071870531   0.0             0.0             0.501046014104  98.6986802697   1116.64809781   0.94910146582   2.00518643766   1.85406399911   1.98249070218e-05 
0.00546889943284 200.744613336   0.0             0.0             0.501055054959  98.7336414505   1117.04363841   0.959430184474  2.01186907217   1.8508959866    1.98249338768e-05 
0.00547641428492 201.411235352   0.0             0.0             0.501064142132  98.7659772875   1117.40947665   0.969905245203  2.01849023602   1.84744821542   1.98249611851e-05 
0.00548393141573 202.071913366   0.0             0.0             0.501073275823  98.7957770786   1117.7466228    0.980528832063  2.02505178282   1.84374518009   1.98249889196e-05 
0.00549145109026 202.726821148   0.0             0.0             0.501082456222  98.8231285504   1118.05606938   0.991302584648  2.03155558052   1.83982487304   1.98250170537e-05 
0.00549897356185 203.376129415   0.0             0.0             0.501091683512  98.8481177993   1118.33879045   1.00222751207   2.03800351463   1.83573981154   1.98250455614e-05 
0.00550649907248 204.020005805   0.0             0.0             0.501100957863  98.8708292137   1118.59574078   1.01330393019   2.04439748878   1.83155721659   1.98250744171e-05 
0.00551402785296 204.658614869   0.0             0.0             0.50111027944   98.8913453779   1118.82785468   1.02453143796   2.05073942204   1.82735807836   1.9825103596e-05 
0.00552156012317 205.292118099   0.0             0.0             0.501119648399  98.909746975    1119.03604498   1.03590894847   2.0570312416    1.82323491013   1.98251330735e-05 
0.00552909609228 205.920673965   0.0             0.0             0.501129064889  98.9261126778   1119.22120177   1.04743478882   2.06327487049   1.81928812197   1.98251628258e-05 
0.00553663595898 206.544437895   0.0             0.0             0.501138529057  98.9405190176   1119.3841909    1.05910687416   2.06947221017   1.81562112807   1.98251928296e-05 
0.00554417991171 207.163562324   0.0             0.0             0.501148041042  98.9530402891   1119.52585292   1.07092295164   2.07562511996   1.81233452136   1.98252230623e-05 
0.00555172812888 207.778196779   0.0             0.0             0.501157600985  98.9637485098   1119.64700261   1.08288089644   2.08173539502   1.8095198535    1.9825253502e-05 
0.0055592807791 208.388487968   0.0             0.0             0.501167209022  98.9727134245   1119.74842904   1.09499206245   2.08780474565   1.8072536894    1.98252841272e-05 
0.00556683802143 208.994579902   0.0             0.0             0.501176865291  98.9800025785   1119.8308964    1.10725667248   2.09383477939   1.80559262943   1.98253149176e-05 
0.00557440000557 209.596614007   0.0             0.0             0.501186569931  98.9856814549   1119.89514555   1.11965634518   2.09982698817   1.80456988002   1.98253458533e-05 
0.00558196687215 210.19472915    0.0             0.0             0.501196323083  98.9898136509   1119.94189602   1.13219229121   2.10578274292   1.80419375651   1.98253769154e-05 
0.0055895387529 210.789061575   0.0             0.0             0.501206124888  98.9924610468   1119.97184788   1.14486711987   2.11170329052   1.8044481656    1.98254080857e-05 
0.00559711577089 211.379744818   0.0             0.0             0.501215975489  98.9936839836   1119.98568383   1.15768478581   2.11758976495   1.80529500511   1.98254393467e-05 
0.0056046987915 211.967509327   0.0             0.0             0.501225881945  98.9825626365   1119.85986015   1.17065209445   2.12040710887   1.80667189003   1.98254728767e-05 
0.00561228718453 212.552013345   0.0             0.0             0.501235843667  98.9810298143   1119.84251825   1.18377578181   2.12616879935   1.80852084831   1.98255043021e-05 
0.00561988105166 213.13288229    0.0             0.0             0.501245854981  98.978197195    1119.81047082   1.1970592822    2.13189622619   1.81075900573   1.98255357669e-05 
0.00562748048346 213.710568453   0.0             0.0             0.501255915935  98.9741623773   1119.76482207   1.21051048827   2.1375922739    1.81330477397   1.98255672594e-05 
0.00563508556296 214.285230815   0.0             0.0             0.501266026672  98.9689844292   1119.70624027   1.2241370397    2.14325808528   1.81607702776   1.98255987644e-05 
0.00564269636572 214.856991945   0.0             0.0             0.501276187322  98.9627176172   1119.63533939   1.23794636655   2.14889459496   1.81899841326   1.98256302679e-05 
0.00565031296008 215.425966582   0.0             0.0             0.50128639801   98.9554145678   1119.55271482   1.2519456621    2.15450271517   1.82199769564   1.98256617561e-05 
0.00565793540738 215.992265903   0.0             0.0             0.501296658855  98.9471267299   1119.45894863   1.2661418212    2.16008336619   1.82501124941   1.9825693216e-05 
0.00566556376211 216.555998281   0.0             0.0             0.501306969968  98.9379044068   1119.35460996   1.28054139515   2.16563748189   1.82798381831   1.98257246346e-05 
0.00567319807213 217.117269502   0.0             0.0             0.501317331454  98.9277967294   1119.24025464   1.29515057494   2.17116600965   1.83086868397   1.98257559998e-05 
0.00568083837886 217.676182876   0.0             0.0             0.501327743409  98.9168516249   1119.11642492   1.30997519896   2.17666990794   1.83362740045   1.98257872995e-05 
0.00568848471746 218.232839341   0.0             0.0             0.501338205922  98.90511579     1118.98364911   1.32502077869   2.18215014326   1.8362292366    1.98258185224e-05 
0.005696137117  218.787337554   0.0             0.0             0.501348719077  98.8926346779   1118.84244144   1.34029253565   2.18760768629   1.83865044732   1.98258496575e-05 
0.00570379560067 219.33977394    0.0             0.0             0.501359282948  98.8794524871   1118.69330198   1.3557954438    2.19304350762   1.84087346532   1.98258806941e-05 
0.00571146018594 219.890242707   0.0             0.0             0.501369897607  98.8656121439   1118.53671637   1.37153427332   2.19845857371   1.84288608041   1.98259116223e-05 
0.00571913088476 220.438835918   0.0             0.0             0.501380563115  98.8511553055   1118.37315591   1.3875136329    2.20385384404   1.84468065068   1.98259424324e-05 
0.00572680770373 220.985643657   0.0             0.0             0.50139127953   98.8361224201   1118.20307823   1.40373801004   2.20923026728   1.84625336976   1.98259731151e-05 
0.0057344906443 221.530754042   0.0             0.0             0.501402046903  98.8205527045   1118.02692701   1.42021180557   2.21458877993   1.84760360871   1.98260036617e-05 
0.00574217970292 222.074253196   0.0             0.0             0.501412865278  98.8044841285   1117.84513182   1.43693936412   2.21993030711   1.84873333542   1.98260340641e-05 
0.00574987487129 222.616225348   0.0             0.0             0.501423734695  98.7879534541   1117.65810859   1.45392500268   2.22525575941   1.85058216559   1.98260643142e-05 
0.00575757613648 223.156752867   0.0             0.0             0.501434655188  98.7709962384   1117.4662596    1.4711730336    2.23056602759   1.85350482924   1.98260944047e-05 
0.00576528348111 223.695916333   0.0             0.0             0.501445626785  98.7536468732   1117.26997394   1.48868778382   2.23586198349   1.85632779058   1.98261243284e-05 
0.00577299688358 224.233794592   0.0             0.0             0.50145664951   98.7359386117   1117.06962783   1.50647361118   2.24114448073   1.85905173169   1.98261540788e-05 
0.0057807163182 224.770464809   0.0             0.0             0.501467723381  98.7179035925   1116.86558488   1.52453491864   2.24641435451   1.86167742251   1.98261836497e-05 
0.00578844156179 225.306007272   0.0             0.0             0.501478848135  98.6995728662   1116.65819638   1.54287616591   2.2516724012    1.86420563889   1.98262130352e-05 
0.00579617192719 225.840496329   0.0             0.0             0.501490022833  98.6809772161   1116.44781062   1.56150163198   2.25691925838   1.86663706531   1.98262422292e-05 
0.00580390738475 226.373950066   0.0             0.0             0.501501247482  98.6621481127   1116.23478363   1.58041494755   2.26215538678   1.86897220635   1.98262712243e-05 
0.00581164790124 226.906433394   0.0             0.0             0.50151252208   98.6431128201   1116.01942388   1.59962030425   2.26738151503   1.87121158024   1.9826300016e-05 
0.00581939344001 227.438015308   0.0             0.0             0.501523846623  98.6238981862   1115.80203511   1.61912220009   2.27259839026   1.87335561004   1.98263286001e-05 
0.00582714396116 227.968764304   0.0             0.0             0.501535221102  98.6045301724   1115.58291105   1.63892532337   2.27780675024   1.87540461391   1.98263569728e-05 
0.00583489942164 228.498747749   0.0             0.0             0.501546645508  98.5850338004   1115.36233478   1.65903450343   2.28300731897   1.87735880797   1.98263851307e-05 
0.00584265977553 229.028031786   0.0             0.0             0.501558119823  98.5654331699   1115.14057896   1.67945468978   2.2882008052    1.87921831755   1.98264130709e-05 
0.0058504249741 229.556681324   0.0             0.0             0.501569644031  98.5457514803   1114.91790606   1.70019094402   2.29338790156   1.88098319295   1.98264407907e-05 
0.00585819496605 230.08476006    0.0             0.0             0.501581218112  98.5260110434   1114.69456851   1.72124844158   2.29856928597   1.88265341879   1.98264682877e-05 
0.00586596969759 230.612330532   0.0             0.0             0.50159284204   98.506233329    1114.47080922   1.74263248015   2.30374562628   1.88422891868   1.98264955599e-05 
0.00587374911262 231.139454166   0.0             0.0             0.50160451579   98.486438978    1114.2468617    1.7643484636    2.30891757586   1.88570962858   1.98265226056e-05 
0.00588153315289 231.666191333   0.0             0.0             0.501616239329  98.4666478391   1114.02295052   1.78640192191   2.31408577809   1.88709547703   1.98265494233e-05 
0.00588932175809 232.192601409   0.0             0.0             0.501628012627  98.4468790063   1113.79929171   1.8087985074    2.3192508683    1.88838642534   1.9826576012e-05 
0.00589711486606 232.718742801   0.0             0.0             0.501639835649  98.4271508075   1113.57609262   1.83154398181   2.32441346916   1.88958253061   1.98266023709e-05 
0.00590491241287 233.244673005   0.0             0.0             0.50165170836   98.4074808302   1113.35355223   1.85464422653   2.32957419307   1.89068395052   1.98266284995e-05 
0.00591271433297 233.77044871    0.0             0.0             0.501663630721  98.3878859748   1113.13186175   1.87810524735   2.33473364378   1.89169096053   1.98266543976e-05 
0.00592052055937 234.296125832   0.0             0.0             0.501675602694  98.368382458    1112.91120465   1.90193317679   2.3398924164    1.89260397341   1.98266800653e-05 
0.00592833102374 234.821759518   0.0             0.0             0.501687624236  98.3489858073   1112.69175659   1.92613427618   2.3450510979    1.8934235558    1.9826705503e-05 
0.00593614565653 235.34740422    0.0             0.0             0.501699695304  98.3297108995   1112.47368591   1.95071493953   2.3502102686    1.89415044137   1.98267307112e-05 
0.00594396439714 235.872578315   0.0             0.0             0.501711816294  98.3104619297   1112.25590867   1.97569947539   2.35546717018   1.89478482131   1.98267557324e-05 
0.00595178716453 236.398367325   0.0             0.0             0.501723987144  98.2914628227   1112.04095832   2.00106552154   2.36062958458   1.89532952797   1.9826780486e-05 
0.00595961388612 236.924352005   0.0             0.0             0.501736207389  98.2726306734   1111.82789687   2.02682823616   2.36579431416   1.89578471246   1.9826805013e-05 
