0.0             0.716436370146  0.0             0.0             0.5             6.38144701899   72.1978313746   0.132088862305  0.00745991560159 1.0             1e-05           
6.103515625e-05 0.716435103816  0.0             0.0             0.500000031762  6.38144701899   72.1978313746   0.132088862305  0.00784298369244 1.0             1e-05           
0.0001220703125 0.795725658593  0.0             0.0             0.500000072312  6.85352808448   77.5388189374   0.140829609746  0.00853152469553 1.0             1e-05           
0.00018310546875 0.882757329867  0.0             0.0             0.500000122145  7.34172833078   83.0621742132   0.151123233856  0.00939963702676 1.0             1e-05           
0.000244140625  0.981270547498  0.0             0.0             0.500000195997  7.86323613833   88.9623615277   0.162790857238  0.0105527311384 1.0             1e-05           
0.00030517578125 1.09247255645   0.0             0.0             0.500000317138  8.41915296225   95.2518424232   0.17404302934   0.012122496833  1.0             1e-05           
0.0003662109375 1.21721960754   0.0             0.0             0.500000516562  9.00984287604   101.934735921   0.180871646214  0.0141921995023 1.0             1e-05           
0.00042724609375 1.35640863712   0.0             0.0             0.500000820547  9.63465217072   109.003646149   0.179175521115  0.0166114654518 1.0             1e-05           
0.00048828125   1.51251722888   0.0             0.0             0.500001232066  10.2947633003   116.471951046   0.170211184298  0.0190155359809 1.0             1e-05           
0.00054931640625 1.68898209125   0.0             0.0             0.500001730085  10.9946652336   124.390437496   0.160164650341  0.0212109404591 1.0             1e-05           
0.0006103515625 1.88858987269   0.0             0.0             0.500002290217  11.7395391592   132.817723959   0.153506823221  0.0233112138314 1.0             1e-05           
0.00067138671875 2.11396615443   0.0             0.0             0.500002900712  12.533522061    141.800615064   0.151049548107  0.0255169872307 1.0             1e-05           
0.000728835444109 2.36829321536   0.0             0.0             0.500003523052  13.3801378851   151.378979709   0.151979079798  0.0278957868812 1.0             1e-05           
0.000782686513124 2.63805823125   0.0             0.0             0.500004156718  14.2298938068   160.992870502   0.155094277561  0.0304345282203 1.0             1e-05           
0.00083336781821 2.92174908185   0.0             0.0             0.500004807432  15.0778561562   170.586469341   0.159459897962  0.0331408588765 1.0             1e-05           
0.000881211615728 3.21950985164   0.0             0.0             0.500005479804  15.9246264558   180.166581676   0.164549817776  0.0360145099078 1.0             1e-05           
0.000926525098514 3.53130124389   0.0             0.0             0.500006177776  16.7702686307   189.733930738   0.17006121504   0.0390517240317 1.0             1e-05           
0.000969565482128 3.85728249376   0.0             0.0             0.500006904323  17.6153858787   199.295340928   0.175814119446  0.0422494306392 1.0             1e-05           
0.00101052285255 4.19761473659   0.0             0.0             0.500007661134  18.4605140399   208.856874589   0.181691802449  0.0456040892176 1.0             1e-05           
0.00104959193742 4.55222371031   0.0             0.0             0.500008449895  19.3055754289   218.417652808   0.187636862722  0.0491131288603 1.0             1e-05           
0.00108694136673 4.9213138248    0.0             0.0             0.500009271874  20.1511453026   227.984183875   0.193589719603  0.0527761494364 1.0             1e-05           
0.00112268808591 5.30511324742   0.0             0.0             0.500010127298  20.9977774587   237.562733294   0.199463776937  0.0565919776214 1.0             1e-05           
0.00115696353017 5.7035373938    0.0             0.0             0.500011016794  21.8453085472   247.151452973   0.205200221256  0.0605599527883 1.0             1e-05           
0.00118988447031 6.11682860394   0.0             0.0             0.500011940819  22.6942685591   256.756339075   0.210745667131  0.0646816432201 1.0             1e-05           
0.00122153022988 6.54526324895   0.0             0.0             0.500012898937  23.5451949252   266.383471935   0.216045952556  0.0689577056837 1.0             1e-05           
0.00125199139826 6.98880220228   0.0             0.0             0.500013891147  24.3979756608   276.031584592   0.221041846127  0.0733890168468 1.0             1e-05           
0.00128135294137 7.44768882939   0.0             0.0             0.500014917466  25.2530432096   285.705569585   0.225711288116  0.0779787528948 1.0             1e-05           
0.00130972553222 7.9199167816    0.0             0.0             0.500015969841  26.0905186766   295.180522894   0.197283700492  0.0815317794142 1.0             1e-05           
0.00133712331954 8.41062565478   0.0             0.0             0.50001705061   26.9499121017   304.903449592   0.19932755429   0.0865331119011 1.0             1e-05           
0.00136361142853 8.91700857591   0.0             0.0             0.500018172879  27.8114936893   314.651132522   0.201222794479  0.0917006243865 1.0             1e-05           
0.00138924160308 9.43978863098   0.0             0.0             0.50001933669   28.6763681876   324.436070484   0.203231216812  0.0970426328967 1.0             1e-05           
0.00141405107029 9.97921879879   0.0             0.0             0.50002054158   29.5447749128   334.260971032   0.205283279161  0.102563736289  1.0             1e-05           
0.00143809031516 10.5353390899   0.0             0.0             0.500021787929  30.4166045034   344.12459688    0.207421518491  0.10826901472   1.0             1e-05           
0.0014614054411 11.1085623101   0.0             0.0             0.500023076185  31.2923177067   354.032160791   0.209754111309  0.11416573625   1.0             1e-05           
0.00148401959389 11.6993247761   0.0             0.0             0.50002440575   32.1723578721   363.988678691   0.212316646312  0.120259286805  1.0             1e-05           
0.00150597067221 12.3075643739   0.0             0.0             0.500025777014  33.0564147751   373.990640787   0.215044595206  0.126555044662  1.0             1e-05           
0.00152729595918 12.9336574442   0.0             0.0             0.500027190602  33.9448178159   384.04177382    0.217950914769  0.133061766913  1.0             1e-05           
0.00154802486232 13.5705642773   0.0             0.0             0.500028623617  34.8416986983   394.188822682   0.202767023165  0.138908519162  1.0             1e-05           
0.00156817350911 14.2330621748   0.0             0.0             0.500030072338  35.7415169258   404.36910381    0.204270102682  0.145634609917  1.0             1e-05           
0.00158777243051 14.9148026715   0.0             0.0             0.500031555768  36.6467345633   414.610472289   0.205778845063  0.152550754626  1.0             1e-05           
0.00160685028225 15.6157459114   0.0             0.0             0.500033073711  37.5571943784   424.911149237   0.207261008902  0.159658466586  1.0             1e-05           
0.00162542140038 16.336417542    0.0             0.0             0.500034624944  38.4732838848   435.275518871   0.208715353754  0.166959907069  1.0             1e-05           
0.00164350553724 17.0768567923   0.0             0.0             0.500036208718  39.3947651745   445.70088957    0.210139708444  0.174455734065  1.0             1e-05           
0.00166112698897 17.8373334346   0.0             0.0             0.500037824783  40.3216967182   456.187922855   0.211532492065  0.182148858591  1.0             1e-05           
0.001678308391  18.6183657801   0.0             0.0             0.500039472894  41.2544217974   466.74050251    0.212892655826  0.190043389803  1.0             1e-05           
0.00169506064205 19.4204927239   0.0             0.0             0.500041151777  42.1932720542   477.36238064    0.214219178567  0.19814098665   1.0             1e-05           
0.0017113980624 20.2437555694   0.0             0.0             0.500042860508  43.1379934665   488.050683311   0.215510254044  0.206441431832  1.0             1e-05           
0.00172734024185 21.088363503    0.0             0.0             0.500044598779  44.0885389161   498.804877442   0.216814753315  0.214946715824  1.0             1e-05           
0.00174290551358 21.954838936    0.0             0.0             0.500046366275  45.0452019772   509.628284448   0.218112364514  0.223660302703  1.0             1e-05           
0.00175810837983 22.8437158338   0.0             0.0             0.500048162361  46.0082627093   520.524072837   0.219376991416  0.232584820258  1.0             1e-05           
0.00177295319045 23.7553848242   0.0             0.0             0.500049985225  46.9778208445   531.493370952   0.220607848457  0.241719113876  1.0             1e-05           
0.00178745609664 24.6896215026   0.0             0.0             0.500051834484  47.9533490513   542.530212716   0.221803401486  0.251062363161  1.0             1e-05           
0.00180163226671 25.6469349727   0.0             0.0             0.500053709735  48.9350916862   553.637362709   0.222963141425  0.260617348898  1.0             1e-05           
0.00181549596662 26.627833346    0.0             0.0             0.500055610572  49.9232732433   564.81736079    0.224170183486  0.27038681307   1.0             1e-05           
0.00182905748349 27.6328361195   0.0             0.0             0.500057536131  50.9181081555   576.072632991   0.22537632918   0.280372362527  1.0             1e-05           
0.00184231992927 28.662233804    0.0             0.0             0.500059484538  51.9195676086   587.402853317   0.226553050253  0.290571771032  1.0             1e-05           
0.00185529609816 29.7157443976   0.0             0.0             0.500061455325  52.9271004903   598.801786644   0.227699184349  0.300983652946  1.0             1e-05           
0.00186799805486 30.7938398197   0.0             0.0             0.500063448012  53.9408823059   610.271418587   0.228853759052  0.311610335995  1.0             1e-05           
0.00188043719067 31.896985141    0.0             0.0             0.500065462116  54.9610690032   621.813513494   0.23009103937   0.32245413372   1.0             1e-05           
0.00189261611529 33.0174142971   0.0             0.0             0.500067508888  56.0122223698   633.705956273   0.317105017252  0.334702690789  1.0             1e-05           
0.00190454613421 34.1705276901   0.0             0.0             0.500069590018  57.0452993369   645.393887936   0.321915356734  0.346227019469  1.0             1e-05           
0.00191623352971 35.3491821893   0.0             0.0             0.500071693949  58.0844819656   657.150897273   0.326805585503  0.358000664292  1.0             1e-05           
0.00192768813632 36.5534310517   0.0             0.0             0.500073820596  59.1295029751   668.97396035    0.331792093441  0.370025990018  1.0             1e-05           
0.00193891926844 37.7836584988   0.0             0.0             0.500075969973  60.1804481399   680.864047593   0.336875377496  0.382307090877  1.0             1e-05           
0.00194993575665 39.0402384487   0.0             0.0             0.500078142115  61.2373880442   692.821957571   0.34205515945   0.394847905468  1.0             1e-05           
0.00196074598028 40.3235371972   0.0             0.0             0.500080337072  62.3003813668   704.84835416    0.347329697157  0.407652225595  1.0             1e-05           
0.00197135666002 41.6339162557   0.0             0.0             0.500082554656  63.3694747783   716.943765375   0.352695809417  0.420722922088  1.0             1e-05           
0.00198176724718 42.9715908491   0.0             0.0             0.500084793177  64.4445772042   729.107160828   0.358148242295  0.434057433147  1.0             1e-05           
0.00199198550908 44.3357805635   0.0             0.0             0.500087052708  65.5248594107   741.32915881    0.363676622021  0.447653151728  1.0             1e-05           
0.00200201882606 45.7267543634   0.0             0.0             0.50008933332   66.6103315861   753.609874586   0.369273562058  0.461512481304  1.0             1e-05           
0.00201187421795 47.1447564123   0.0             0.0             0.500091635095  67.7009838889   765.949196814   0.374930474815  0.475637523176  1.0             1e-05           
0.00202155836633 48.5900155096   0.0             0.0             0.500093958125  68.7967948473   778.346882566   0.380637752249  0.490030112635  1.0             1e-05           
0.00203107763561 50.0627436609   0.0             0.0             0.500096302507  69.897731175    790.802555254   0.386384904921  0.504691802529  1.0             1e-05           
0.00204043809315 51.5631348461   0.0             0.0             0.500098668347  71.0037477332   803.315704189   0.392160755155  0.519623845324  1.0             1e-05           
0.00204964276512 53.0913797367   0.0             0.0             0.500101055033  72.1147875444   815.885684744   0.397953589741  0.534824954027  1.0             1e-05           
0.00205869240429 54.6471778266   0.0             0.0             0.50010346135   73.2304464112   828.507923946   0.403749554126  0.550289154472  1.0             1e-05           
0.00206759696651 56.2119381648   0.0             0.0             0.50010591677   74.3214580515   840.851311615   0.312033449457  0.570561998037  1.0             1e-05           
0.00207635767236 57.8207186218   0.0             0.0             0.500108420831  75.4447631024   853.560057515   0.313660863851  0.586823803727  1.0             1e-05           
0.00208497970746 59.456613239    0.0             0.0             0.500110946995  76.5719995871   866.313282513   0.315284808071  0.603356519798  1.0             1e-05           
0.00209346802889 61.1194542149   0.0             0.0             0.500113495487  77.7029786464   879.108849908   0.316904891236  0.620159046963  1.0             1e-05           
0.00210182737566 62.8092392551   0.0             0.0             0.500116066427  78.8375801609   891.945400705   0.318523225407  0.637231088704  1.0             1e-05           
0.00211006228156 64.5259388688   0.0             0.0             0.500118659947  79.9756708539   904.821427051   0.320141953904  0.654572067961  1.0             1e-05           
0.0021181770868 66.2694977412   0.0             0.0             0.50012127618   81.1171059041   917.73529048    0.321763261712  0.672181128504  1.0             1e-05           
0.00212617594846 68.0398336565   0.0             0.0             0.500123915267  82.2617287687   930.685219911   0.323389417214  0.690057131255  1.0             1e-05           
0.00213405850806 69.8368838342   0.0             0.0             0.50012657588   83.4093722457   943.669323672   0.325022786104  0.70819390702   1.0             1e-05           
0.00214182718009 71.6594757317   0.0             0.0             0.500129257588  84.5592235378   956.678406007   0.326664957453  0.726582382737  1.0             1e-05           
0.00214948593643 73.5070100344   0.0             0.0             0.500131960518  85.7108570129   969.707651443   0.328318245087  0.745218108259  1.0             1e-05           
0.0021570385845 75.3792522696   0.0             0.0             0.500134684797  86.8640784437   982.754862545   0.329985443447  0.764098331988  1.0             1e-05           
0.00216448877657 77.2759368755   0.0             0.0             0.500137430557  88.0186820152   995.817710785   0.331669424446  0.783220000841  1.0             1e-05           
0.00217184001814 79.1967692406   0.0             0.0             0.500140197932  89.1744516862   1008.89375193   0.333373093086  0.802579780659  1.0             1e-05           
0.0021790956757 81.1414248275   0.0             0.0             0.500142987056  90.3311610667   1021.98042468   0.335099285241  0.822174070883  1.0             1e-05           
0.0021862589841 83.109549458    0.0             0.0             0.500145798067  91.4885741136   1035.07505851   0.336850619029  0.841999025794  1.0             1e-05           
0.0021933330535 85.1007587152   0.0             0.0             0.500148631103  92.6464449881   1048.17487206   0.338662203211  0.86205058279   1.0             1e-05           
0.00220032087579 87.1146373819   0.0             0.0             0.500151486307  93.8045179847   1061.27697237   0.340509197138  0.88232450161   1.0             1e-05           
0.00220722533061 89.1507398438   0.0             0.0             0.500154363826  94.9625281276   1074.37836156   0.3423867849    0.90281640622   1.0             1e-05           
0.00221404919115 91.2085897889   0.0             0.0             0.500157263814  96.1202010869   1087.47593596   0.344294480255  0.923521827728  1.0             1e-05           
0.00222079399814 93.2877020785   0.0             0.0             0.500160185941  97.2772528522   1100.56648235   0.346230483804  0.944434628656  1.0             1e-05           
0.00222745919471 95.3872305144   0.0             0.0             0.500163128958  98.4331978474   1113.64450707   0.348191159924  0.965543715541  1.0             1e-05           
0.00223404747522 97.5055260338   0.0             0.0             0.500166093038  99.5871897689   1126.70043528   0.350170589018  0.986839104738  1.0             1e-05           
0.0022405614345 99.6419856126   0.0             0.0             0.500169078363  100.738940977   1139.73101271   0.352162105414  1.00831631912   1.0             1e-05           
0.00224700357349 101.795974981   0.0             0.0             0.500172085126  101.888154483   1152.73287932   0.354157412502  1.02997091621   1.0             1e-05           
0.002253376304  103.966832496   0.0             0.0             0.50017511354   103.034524985   1165.70258101   0.356146757767  1.05179846484   1.0             1e-05           
0.0022596819532 106.153870836   0.0             0.0             0.500178163831  104.17773992    1178.63658154   0.358119226147  1.07379450949   1.0             1e-05           
0.00226592331297 108.354676529   0.0             0.0             0.500181243505  105.318894932   1191.54727669   0.357743640456  1.09672039133   1.0             1e-05           
0.00227210196508 110.572164507   0.0             0.0             0.500184352939  106.454368804   1204.39369709   0.359046232736  1.11906104893   1.0             1e-05           
0.00227822000266 112.803512021   0.0             0.0             0.500187485998  107.585616314   1217.19230166   0.36032345702   1.14153812965   1.0             1e-05           
0.00228427945262 115.048004268   0.0             0.0             0.500190642993  108.712298616   1229.93925679   0.361578259198  1.16414294273   1.0             1e-05           
0.00229028227566 117.304825137   0.0             0.0             0.500193824175  109.834067549   1242.63062351   0.362812464666  1.18686626067   1.0             1e-05           
0.00229623036913 119.573139613   0.0             0.0             0.5001970298    110.950575191   1255.2624655    0.364028007348  1.20969864561   1.0             1e-05           
0.00230212556983 121.852090573   0.0             0.0             0.500200260119  112.06147095    1267.8308163    0.365226762647  1.23263048035   1.0             1e-05           
0.00230796965698 124.140797861   0.0             0.0             0.500203515387  113.166397906   1280.33163778   0.366459709148  1.25565204221   1.0             1e-05           
0.00231376435494 126.438361168   0.0             0.0             0.500206795857  114.264995857   1292.76085477   0.367699444148  1.27875354587   1.0             1e-05           
0.00231951133576 128.743859486   0.0             0.0             0.500210101784  115.35689943    1305.1143335    0.368927212394  1.30192519607   1.0             1e-05           
0.00232521222143 131.056355877   0.0             0.0             0.500213433424  116.44174174    1317.38792316   0.370143534872  1.3251572464    1.0             1e-05           
0.0023308676573 133.374937942   0.0             0.0             0.500216790485  117.519157733   1329.57749364   0.371348671684  1.34843830727   1.0             1e-05           
0.00233647750426 135.698294261   0.0             0.0             0.500220172203  118.588607419   1341.67693564   0.372542510673  1.37175347447   1.0             1e-05           
0.00234204336713 138.02467596    0.0             0.0             0.500223578856  119.649409747   1353.67854395   0.373724717353  1.39508931232   1.0             1e-05           
0.00234756680242 140.353117867   0.0             0.0             0.500227010726  120.701221904   1365.57844009   0.374895387731  1.41843644763   1.0             1e-05           
0.00235304932018 142.682644098   0.0             0.0             0.500230468102  121.743700757   1377.37274196   0.376054784597  1.44178550265   1.0             1e-05           
0.00235849238638 145.012270801   0.0             0.0             0.500233951281  122.776503304   1389.05756891   0.377203439923  1.46512711553   1.0             1e-05           
0.00236389742499 147.341011895   0.0             0.0             0.500237460569  123.799291206   1400.62909308   0.378342251896  1.48845195514   1.0             1e-05           
0.00236926581959 149.667878739   0.0             0.0             0.500240996279  124.811730366   1412.08353462   0.379472560345  1.51175066133   1.0             1e-05           
0.0023745989152 151.99187523    0.0             0.0             0.500244558735  125.8134859     1423.41710471   0.380596201397  1.53501383715   1.0             1e-05           
0.00237989801999 154.312004933   0.0             0.0             0.500248148268  126.804227162   1434.62606255   0.381762579164  1.55823208624   1.0             1e-05           
0.00238516440669 156.627273599   0.0             0.0             0.500251765216  127.783628961   1445.706729     0.38292884331   1.58139601564   1.0             1e-05           
0.00239039852101 158.928777126   0.0             0.0             0.500255397145  128.759914096   1456.75213444   0.411427733632  1.60210718547   1.0             1e-05           
0.00239560233051 161.230796628   0.0             0.0             0.500259044506  129.715969927   1467.56867142   0.413366267825  1.62506058233   1.0             1e-05           
0.00240077701068 163.524962618   0.0             0.0             0.500262719326  130.659737146   1478.24617862   0.415317553083  1.64793235528   1.0             1e-05           
0.00240592370543 165.810343426   0.0             0.0             0.50026642197   131.590925899   1488.78137673   0.417283728646  1.67071331722   1.0             1e-05           
0.00241104352967 168.085974321   0.0             0.0             0.500270152781  132.509236437   1499.17087447   0.419266236962  1.69339412072   1.0             1e-05           
0.0024161375704 170.350900965   0.0             0.0             0.500273912111  133.414375799   1509.41135737   0.421266419242  1.71596549744   1.0             1e-05           
0.0024212068877 172.604180427   0.0             0.0             0.500277700313  134.306058543   1519.49959601   0.423285472967  1.73841825662   1.0             1e-05           
0.00242625251586 174.844880527   0.0             0.0             0.500281517743  135.184005071   1529.4324271    0.425324397637  1.76074331966   1.0             1e-05           
0.00243127546434 177.072086302   0.0             0.0             0.500285364762  136.047945457   1539.20679678   0.42738394826   1.78293174994   1.0             1e-05           
0.00243627671858 179.284899259   0.0             0.0             0.50028924173   136.897618599   1548.81975103   0.429464589227  1.80497476571   1.0             1e-05           
0.00244125724079 181.482440614   0.0             0.0             0.500293149013  137.732774653   1558.26846318   0.431566448442  1.82686373464   1.0             1e-05           
0.00244621797075 183.663847007   0.0             0.0             0.500297086974  138.553171196   1567.55019053   0.433689279084  1.84859016872   1.0             1e-05           
0.00245115982666 185.828273277   0.0             0.0             0.500301055982  139.358574355   1576.66228709   0.435832428223  1.87014577248   1.0             1e-05           
0.00245608370584 187.974898866   0.0             0.0             0.500305056405  140.148762579   1585.60224632   0.437994808109  1.89152245988   1.0             1e-05           
0.00246099048543 190.102924272   0.0             0.0             0.500309088613  140.923523592   1594.36766657   0.440174879494  1.91271233658   1.0             1e-05           
0.00246588102308 192.211570506   0.0             0.0             0.500313152976  141.682653953   1602.95624619   0.442370640604  1.93370770532   1.0             1e-05           
0.00247075615771 194.300080687   0.0             0.0             0.500317249867  142.425959629   1611.36578993   0.444579622368  1.95450109457   1.0             1e-05           
0.00247561671006 196.367723494   0.0             0.0             0.500321379657  143.153257952   1619.59423115   0.446798898666  1.97508531067   1.0             1e-05           
0.00248046348319 198.41379921    0.0             0.0             0.500325542719  143.864381354   1627.63967402   0.449025137546  1.99545345675   1.0             1e-05           
0.00248529726304 200.437636982   0.0             0.0             0.500329739429  144.559175063   1635.50036751   0.451254606958  2.015598889     1.0             1e-05           
0.00249011881907 202.438589828   0.0             0.0             0.500333970161  145.23749326    1643.17466187   0.45348322429   2.0355152129    1.0             1e-05           
0.00249492890469 204.416038668   0.0             0.0             0.500338235291  145.89920179    1650.66103929   0.45570662624   2.05519632859   1.0             1e-05           
0.00249972825778 206.369394185   0.0             0.0             0.500342535197  146.544179027   1657.95812373   0.45792022963   2.07463644063   1.0             1e-05           
0.00250451760111 208.298098092   0.0             0.0             0.500346870256  147.172316397   1665.06468684   0.460119310946  2.09383006852   1.0             1e-05           
0.00250929764278 210.20162384    0.0             0.0             0.500351240849  147.783518545   1671.97964977   0.46229909482   2.11277207159   1.0             1e-05           
0.00251406859042 212.079518123   0.0             0.0             0.500355646906  148.377705566   1678.70210852   0.464454848949  2.13145692856   1.0             1e-05           
0.00251883097265 213.931112597   0.0             0.0             0.500360088656  148.95475476    1685.23067489   0.466581773065  2.14987886024   1.0             1e-05           
0.00252358550187 215.755915704   0.0             0.0             0.500364566509  149.514600039   1691.56460118   0.468675485617  2.16803352881   1.0             1e-05           
0.0025283328758 217.553560747   0.0             0.0             0.500369080876  150.057212215   1697.70355717   0.470732072046  2.18591743815   1.0             1e-05           
0.00253307377776 219.323721873   0.0             0.0             0.500373632169  150.582579811   1703.647413     0.472748116925  2.20352744418   1.0             1e-05           
0.00253780887721 221.066102624   0.0             0.0             0.500378220804  151.090702472   1709.39616468   0.474720845107  2.22086069353   1.0             1e-05           
0.00254253883023 222.780435328   0.0             0.0             0.500382847196  151.581589293   1714.94991507   0.47664827173   2.23791465635   1.0             1e-05           
0.00254726427974 224.466487219   0.0             0.0             0.500387511761  152.05526352    1720.3089272    0.478529365487  2.25468711725   1.0             1e-05           
0.00255196747077 226.125541376   0.0             0.0             0.500392196563  152.511760614   1725.47360226   0.480364237751  2.27115237954   1.0             1e-05           
0.00255664910371 227.749628559   0.0             0.0             0.500396901652  152.949442397   1730.42540636   0.482147478343  2.28727096786   1.0             1e-05           
0.00256131026391 229.338915904   0.0             0.0             0.500401627447  153.368565265   1735.16724032   0.483973314166  2.30304554815   1.0             1e-05           
0.00256595200065 230.893784984   0.0             0.0             0.50040637436   153.769439326   1739.70261258   0.485782762482  2.31847995264   1.0             1e-05           
0.00257057532857 232.414636211   0.0             0.0             0.500411142796  154.152378604   1744.03507595   0.487570629621  2.33357817342   1.0             1e-05           
0.00257518122934 233.901886177   0.0             0.0             0.500415933153  154.517699483   1748.16820989   0.489347384335  2.34834433222   1.0             1e-05           
0.00257977065307 235.355965489   0.0             0.0             0.500420745822  154.865719895   1752.10561137   0.491126132761  2.36278267257   1.0             1e-05           
0.00258434451974 236.777320151   0.0             0.0             0.50042558118   155.196760521   1755.85090852   0.492922951369  2.37689755345   1.0             1e-05           
0.00258890372038 238.166409391   0.0             0.0             0.500430439591  155.51114443    1759.40775643   0.494757186712  2.3906934132    1.0             1e-05           
0.00259344911834 239.523701748   0.0             0.0             0.500435321403  155.809196852   1762.77983464   0.496651652602  2.40417474421   1.0             1e-05           
0.00259798155032 240.849674248   0.0             0.0             0.500440226945  156.091245224   1765.97084771   0.498820735455  2.41734607963   1.0             1e-05           
0.00260250182751 242.14480967    0.0             0.0             0.500445156518  156.357618504   1768.98451735   0.501131682264  2.43021195249   1.0             1e-05           
0.00260701073658 243.409589987   0.0             0.0             0.500450110402  156.608645898   1771.82456811   0.503594871135  2.44277685189   1.0             1e-05           
0.0026115090406 244.644491838   0.0             0.0             0.500455088842  156.84465579    1774.49471523   0.506236949095  2.455045199     1.0             1e-05           
0.00261599747992 245.849982129   0.0             0.0             0.500460092055  157.065973794   1776.99864262   0.50908048951   2.46702132664   1.0             1e-05           
0.00262047677304 247.026514052   0.0             0.0             0.500465120228  157.272920228   1779.33997424   0.512140026146  2.47870947075   1.0             1e-05           
0.00262494761732 248.174526046   0.0             0.0             0.500470173524  157.465807454   1781.52224409   0.515540731651  2.4901137905    1.0             1e-05           
0.00262941068962 249.294446388   0.0             0.0             0.500475252093  157.644937521   1783.54886946   0.519141471084  2.50123840625   1.0             1e-05           
0.00263386664694 250.386699917   0.0             0.0             0.50048035608   157.810597909   1785.4231028    0.522860967282  2.5120874608    1.0             1e-05           
0.00263831612712 251.451721896   0.0             0.0             0.500485485654  157.963060066   1787.14801519   0.526633311733  2.52266523022   1.0             1e-05           
0.00264275974928 252.489977272   0.0             0.0             0.500490641017  158.102582547   1788.72653188   0.530377887182  2.53297625301   1.0             1e-05           
0.0026471981143 253.50197488    0.0             0.0             0.500495822429  158.229415216   1790.16147972   0.53400800771   2.54302542892   1.0             1e-05           
0.00265163180524 254.488270951   0.0             0.0             0.500501030219  158.343805009   1791.45565249   0.537441853311  2.55281806609   1.0             1e-05           
0.00265606138777 255.449461282   0.0             0.0             0.500506264791  158.446003136   1792.61189231   0.540818076367  2.56235985608   1.0             1e-05           
0.0026604874106 256.386162365   0.0             0.0             0.500511526616  158.536270098   1793.63314641   0.543943654358  2.57165677223   1.0             1e-05           
0.00266491040607 257.298988338   0.0             0.0             0.500516816222  158.614877942   1794.52249264   0.546774067212  2.58071493265   1.0             1e-05           
0.00266933089063 258.188534188   0.0             0.0             0.500522134175  158.682111123   1795.28314925   0.549303296462  2.58954046484   1.0             1e-05           
0.00267374864348 259.055423454   0.0             0.0             0.500527480185  158.738264397   1795.91845102   0.55156873634   2.59813900015   1.0             1e-05           
0.00267816389105 259.900017028   0.0             0.0             0.500532854512  158.783632491   1796.43173241   0.553859067388  2.60651528955   1.0             1e-05           
0.00268257711879 260.722763253   0.0             0.0             0.50053825773   158.8185226     1796.82646893   0.555916428572  2.61467471159   1.0             1e-05           
0.00268698879729 261.524166219   0.0             0.0             0.500543690394  158.843244611   1797.10616656   0.557775607458  2.62262281538   1.0             1e-05           
0.00269139938272 262.304715241   0.0             0.0             0.500549153031  158.858104628   1797.27428846   0.559472282815  2.63036493824   1.0             1e-05           
0.0026958093172 263.064890032   0.0             0.0             0.500554646145  158.863403211   1797.33423509   0.561123564586  2.63790621372   1.0             1e-05           
0.00270021902916 263.805164489   0.0             0.0             0.500560170211  158.859434382   1797.28933291   0.562819938674  2.64525159794   1.0             1e-05           
0.00270462893371 264.526007917   0.0             0.0             0.500565725682  158.846485255   1797.14283026   0.564425575938  2.65240590425   1.0             1e-05           
0.00270903943295 265.227885486   0.0             0.0             0.500571312989  158.824836208   1796.89789926   0.565963104952  2.65937385366   1.0             1e-05           
0.00271345091623 265.91125857    0.0             0.0             0.500576932542  158.794761087   1796.55763811   0.567451254223  2.66616007789   1.0             1e-05           
0.00271786376044 266.576584686   0.0             0.0             0.500582584739  158.7565275     1796.12507444   0.56890513691   2.6727691276    1.0             1e-05           
0.0027222783303 267.224316665   0.0             0.0             0.500588269962  158.71039704    1795.60316787   0.570336638911  2.67920547932   1.0             1e-05           
0.00272669499103 267.851706121   0.0             0.0             0.500593990196  158.644928026   1794.86247052   0.560599222948  2.68383814681   1.0             1e-05           
0.0027311140741 268.464996718   0.0             0.0             0.500599745638  158.583989194   1794.17302634   0.563148068891  2.68990072121   1.0             1e-05           
0.00273553591146 269.061937485   0.0             0.0             0.500605534874  158.515844116   1793.4020528    0.565644705571  2.69579899088   1.0             1e-05           
0.00273996082241 269.643008581   0.0             0.0             0.500611358217  158.440771159   1792.55269925   0.568097449872  2.70153777737   1.0             1e-05           
0.00274438911518 270.208636248   0.0             0.0             0.50061721598   158.359009544   1791.62767216   0.570513587608  2.70712155242   1.0             1e-05           
0.00274882108709 270.75923993    0.0             0.0             0.500623108462  158.270794675   1790.62963485   0.572899349782  2.71255468532   1.0             1e-05           
0.0027532570248 271.29523104    0.0             0.0             0.500629035958  158.176357656   1789.56120195   0.575260076712  2.71784144311   1.0             1e-05           
0.00275769720441 271.817012773   0.0             0.0             0.500634998754  158.075925266   1788.42493917   0.577600379573  2.72298599347   1.0             1e-05           
0.00276214189162 272.324980324   0.0             0.0             0.500640997131  157.969720069   1787.22336453   0.579924274472  2.72799240477   1.0             1e-05           
0.00276659134193 272.819519921   0.0             0.0             0.50064703136   157.857959853   1785.95894203   0.582235292286  2.73286464352   1.0             1e-05           
0.00277104580082 273.301008648   0.0             0.0             0.500653101708  157.740857482   1784.63407993   0.584536565314  2.73760658153   1.0             1e-05           
0.00277550550391 273.769815553   0.0             0.0             0.500659208432  157.618621417   1783.25113672   0.586830895957  2.74222200365   1.0             1e-05           
0.00277997067716 274.226301308   0.0             0.0             0.500665351785  157.491455602   1781.81241976   0.589120807956  2.74671460862   1.0             1e-05           
0.00278444153699 274.67081829    0.0             0.0             0.500671532011  157.35955947    1780.32018537   0.591408584618  2.75108801305   1.0             1e-05           
0.00278891829042 275.103711003   0.0             0.0             0.50067774935   157.223128076   1778.77664035   0.593696295905  2.75534575216   1.0             1e-05           
0.00279340113527 275.52531582    0.0             0.0             0.500684004035  157.082351943   1777.18394021   0.595985816852  2.75949127838   1.0             1e-05           
0.00279789026028 275.935960882   0.0             0.0             0.500690296294  156.937416963   1775.5441881    0.598278839187  2.76352796351   1.0             1e-05           
0.00280238584523 276.33596675    0.0             0.0             0.500696626349  156.788504681   1773.85943795   0.600576878018  2.76745910583   1.0             1e-05           
0.00280688806113 276.725647594   0.0             0.0             0.500702994421  156.635792539   1772.13169729   0.602881275648  2.77128793036   1.0             1e-05           
0.00281139707031 277.105310309   0.0             0.0             0.500709400722  156.479453661   1770.3629248    0.605193203707  2.77501757174   1.0             1e-05           
0.00281591302658 277.475253122   0.0             0.0             0.500715845466  156.319656456   1768.55502581   0.607513664811  2.77865107089   1.0             1e-05           
0.00282043607537 277.835766958   0.0             0.0             0.500722328861  156.156564837   1766.70985477   0.609843495498  2.78219138212   1.0             1e-05           
0.00282496635394 278.187135745   0.0             0.0             0.500728851112  155.990338403   1764.82921735   0.612183371406  2.78564136891   1.0             1e-05           
0.00282950399143 278.529635732   0.0             0.0             0.500735412422  155.821132681   1762.91487313   0.614533814923  2.78900380404   1.0             1e-05           
0.00283404910901 278.863536125   0.0             0.0             0.500742012992  155.649099566   1760.96854062   0.616895205353  2.7922813707    1.0             1e-05           
0.00283860182001 279.189099305   0.0             0.0             0.50074865302   155.474387146   1758.99189523   0.619267790856  2.79547665757   1.0             1e-05           
0.00284316223006 279.506580039   0.0             0.0             0.500755332702  155.297139183   1756.98656345   0.621651701947  2.79859215722   1.0             1e-05           
0.00284773043721 279.816225667   0.0             0.0             0.50076205223   155.117495286   1754.95412476   0.624046966105  2.8016302704    1.0             1e-05           
0.00285230653214 280.118276669   0.0             0.0             0.500768811797  154.93559132    1752.89611631   0.62645352249   2.80459331117   1.0             1e-05           
0.00285689059826 280.41296676    0.0             0.0             0.500775611588  154.751559492   1750.81403386   0.628871236552  2.8074835104    1.0             1e-05           
0.00286148271183 280.70052295    0.0             0.0             0.50078245179   154.56552842    1748.70933254   0.631299913741  2.81030301943   1.0             1e-05           
0.00286608294216 280.981165619   0.0             0.0             0.50078933258   154.377623197   1746.58342762   0.633739312022  2.81305391425   1.0             1e-05           
0.00287069135172 281.255108652   0.0             0.0             0.500796254138  154.187965456   1744.43769522   0.636189152767  2.81573820066   1.0             1e-05           
0.00287530799628 281.522559634   0.0             0.0             0.500803216634  153.996673583   1742.27347473   0.638649129937  2.81835781764   1.0             1e-05           
0.00287993292509 281.783719706   0.0             0.0             0.500810220236  153.80386263    1740.09206781   0.641118918272  2.82091463783   1.0             1e-05           
0.00288456618103 282.038783892   0.0             0.0             0.500817265106  153.609643991   1737.89473475   0.643598180429  2.82341047089   1.0             1e-05           
0.00288920836345 282.287770262   0.0             0.0             0.500824359362  153.393143743   1735.44531405   0.646088693567  2.82024994525   1.0             1e-05           
0.00289385895465 282.531361636   0.0             0.0             0.500831502616  153.196105468   1733.21608045   0.648586109802  2.82250774111   1.0             1e-05           
0.00289851797912 282.76960618    0.0             0.0             0.500838688044  152.998009693   1730.97488259   0.651092055754  2.82470918265   1.0             1e-05           
0.00290318545575 283.002480212   0.0             0.0             0.500845915661  152.79891514    1728.72238485   0.653625437133  2.82685480925   1.0             1e-05           
0.00290786139794 283.230148766   0.0             0.0             0.500853185617  152.5989169     1726.45966307   0.656186770842  2.82894614334   1.0             1e-05           
0.00291254581362 283.452771944   0.0             0.0             0.500860498047  152.398107176   1724.18776039   0.658755092793  2.8309846541    1.0             1e-05           
0.00291723870539 283.670504137   0.0             0.0             0.500867853079  152.196574944   1721.90768346   0.661329891509  2.83297176226   1.0             1e-05           
0.00292194007073 283.883495236   0.0             0.0             0.500875250837  151.994406427   1719.62040779   0.663910670779  2.83490884547   1.0             1e-05           
0.00292664990209 284.091890239   0.0             0.0             0.500882691437  151.791684862   1717.3268751    0.666496947449  2.83679723358   1.0             1e-05           
0.00293136818714 284.295828749   0.0             0.0             0.500890174987  151.58849034    1715.02799151   0.669088249426  2.83863820801   1.0             1e-05           
0.00293609490889 284.495445545   0.0             0.0             0.500897701592  151.384899993   1712.72462967   0.671684113667  2.84043300654   1.0             1e-05           
0.00294083004587 284.69087065    0.0             0.0             0.500905271352  151.18098796    1710.41762837   0.67428408472   2.84218282231   1.0             1e-05           
0.00294557357232 284.882229057   0.0             0.0             0.500912884363  150.976825215   1708.10779059   0.676887713544  2.84388880979   1.0             1e-05           
0.00295032545831 285.069641987   0.0             0.0             0.500920540713  150.772480251   1705.79589123   0.679494556908  2.84555209414   1.0             1e-05           
0.00295508566986 285.253227343   0.0             0.0             0.500928240486  150.568019486   1703.48268174   0.682104175363  2.84717376947   1.0             1e-05           
0.00295985416913 285.433098881   0.0             0.0             0.50093598376   150.363506793   1701.16888475   0.684716131652  2.84875489281   1.0             1e-05           
0.00296463091458 285.609365918   0.0             0.0             0.500943770606  150.159003116   1698.85518975   0.687329991234  2.85029648331   1.0             1e-05           
0.00296941586122 285.782133357   0.0             0.0             0.500951601089  149.954566501   1696.54225349   0.68994532198   2.85179952497   1.0             1e-05           
0.0029742089607 285.951501967   0.0             0.0             0.500959475273  149.750252303   1694.23070221   0.692561693783  2.85326497041   1.0             1e-05           
0.00297901016149 286.117568602   0.0             0.0             0.500967393218  149.5461133     1691.92113303   0.695178678283  2.85469374506   1.0             1e-05           
0.00298381940908 286.280426806   0.0             0.0             0.500975354981  149.342200051   1689.61411798   0.697795848256  2.8560867506    1.0             1e-05           
0.00298863664612 286.440166778   0.0             0.0             0.50098336061   149.138560865   1687.31020359   0.700412777029  2.85744486528   1.0             1e-05           
0.00299346181259 286.596875389   0.0             0.0             0.500991410153  148.935241764   1685.00991055   0.703029037994  2.8587689447    1.0             1e-05           
0.00299829484595 286.750636268   0.0             0.0             0.500999503649  148.732286519   1682.71373406   0.705644203714  2.86005982297   1.0             1e-05           
0.00300313568134 286.901529958   0.0             0.0             0.50100764114   148.529736779   1680.42214535   0.708257845324  2.86131831341   1.0             1e-05           
0.00300798425167 287.049633915   0.0             0.0             0.501015822657  148.327632096   1678.13559187   0.710869530679  2.86254520863   1.0             1e-05           
0.00301284048783 287.195022574   0.0             0.0             0.501024048228  148.126009908   1675.85449721   0.713478822059  2.86374128218   1.0             1e-05           
0.00301770431883 287.33776766    0.0             0.0             0.501032317878  147.924905669   1673.57926248   0.716085274885  2.86490728962   1.0             1e-05           
0.00302257567194 287.477938278   0.0             0.0             0.50104063163   147.724352922   1671.31026717   0.718688436641  2.86604396549   1.0             1e-05           
0.00302745447285 287.615600478   0.0             0.0             0.501048989509  147.524383223   1669.04786828   0.72128784438   2.86715202399   1.0             1e-05           
0.00303234064582 287.75081751    0.0             0.0             0.501057391532  147.325026203   1666.79240106   0.723883021081  2.86823216335   1.0             1e-05           
0.00303723411381 287.883650278   0.0             0.0             0.501065837716  147.126309732   1664.54418084   0.72647347314   2.86928506486   1.0             1e-05           
0.00304213479863 288.014157221   0.0             0.0             0.501074328073  146.928259945   1662.30350328   0.729058687411  2.8703113918    1.0             1e-05           
0.00304704262108 288.142394414   0.0             0.0             0.501082862611  146.730901268   1660.07064474   0.731638128285  2.87131179095   1.0             1e-05           
0.00305195750109 288.268415731   0.0             0.0             0.501091441335  146.534256565   1657.84586389   0.734211233837  2.87228689339   1.0             1e-05           
0.00305687935783 288.392272998   0.0             0.0             0.50110006425   146.338347275   1655.6294033    0.73677741225   2.87323731359   1.0             1e-05           
0.00306180810988 288.514015806   0.0             0.0             0.50110873136   146.143193185   1653.42148681   0.739336039938  2.87416364859   1.0             1e-05           
0.00306674367532 288.633691475   0.0             0.0             0.501117442661  145.948812384   1651.22231909   0.741886458184  2.87506647885   1.0             1e-05           
0.0030716859719 288.751345298   0.0             0.0             0.501126198149  145.75522149    1649.03208814   0.744427968533  2.87594636859   1.0             1e-05           
0.00307663491714 288.867020636   0.0             0.0             0.501134997813  145.56243571    1646.85096602   0.746959829287  2.87680386632   1.0             1e-05           
0.00308159042846 288.980758947   0.0             0.0             0.501143841642  145.37046886    1644.67910905   0.7494812524    2.87763950448   1.0             1e-05           
0.0030865524233 289.092599803   0.0             0.0             0.501152729627  145.179333396   1642.51665812   0.751991400566  2.87845379974   1.0             1e-05           
0.00309152081925 289.202581061   0.0             0.0             0.501161661756  144.989040526   1640.36374006   0.754489384508  2.87924725447   1.0             1e-05           
0.00309649553411 289.310738967   0.0             0.0             0.501170638018  144.799600281   1638.22046835   0.756974260509  2.88002035681   1.0             1e-05           
0.00310147648606 289.417108135   0.0             0.0             0.501179658398  144.611021512   1636.08694313   0.759445028484  2.88077358077   1.0             1e-05           
0.00310646359372 289.521721614   0.0             0.0             0.501188722878  144.423311941   1633.96325176   0.761900631049  2.88150738683   1.0             1e-05           
0.00311145677627 289.62461094    0.0             0.0             0.501197831442  144.236478205   1631.84946933   0.764339953188  2.88222222345   1.0             1e-05           
0.00311645595353 289.725806323   0.0             0.0             0.501206984066  144.050525966   1629.74565991   0.766761823507  2.88291852981   1.0             1e-05           
0.00312146104607 289.825336977   0.0             0.0             0.501216180727  143.865460084   1627.65187846   0.769165016773  2.88359673539   1.0             1e-05           
0.00312647197528 289.923230722   0.0             0.0             0.5012254214    143.681284425   1625.56816874   0.771548256667  2.88425725888   1.0             1e-05           
0.00313148866346 290.019513754   0.0             0.0             0.501234706058  143.498001853   1623.49456315   0.77391021975   2.88490050944   1.0             1e-05           
0.00313651103392 290.114211009   0.0             0.0             0.501244034671  143.315614425   1621.43108495   0.776249543801  2.88552688859   1.0             1e-05           
0.00314153901107 290.207346163   0.0             0.0             0.50125340721   143.134123264   1619.37774687   0.778564839116  2.88613679207   1.0             1e-05           
0.00314657252045 290.298941701   0.0             0.0             0.501262823646  142.953528617   1617.33455167   0.780854700404  2.88673061224   1.0             1e-05           
0.00315161148886 290.389019046   0.0             0.0             0.501272283947  142.773829956   1615.3014934    0.78311772138   2.88730874022   1.0             1e-05           
0.00315665584439 290.477598583   0.0             0.0             0.501281788079  142.595026033   1613.27855794   0.785352512495  2.8878715673    1.0             1e-05           
0.00316170551648 290.564699653   0.0             0.0             0.501291336006  142.417114929   1611.26572357   0.787557722108  2.88841948728   1.0             1e-05           
0.00316676043601 290.650340851   0.0             0.0             0.501300927689  142.240094218   1609.26296285   0.78973206099   2.88895289822   1.0             1e-05           
0.00317182053531 290.734539934   0.0             0.0             0.501310563089  142.063960827   1607.27024101   0.79187433087   2.8894722035    1.0             1e-05           
0.00317688574825 290.817313637   0.0             0.0             0.501320242166  141.888710922   1605.28751467   0.793983456305  2.88997781285   1.0             1e-05           
0.00318195601027 290.898677914   0.0             0.0             0.50132996488   141.714340087   1603.31473387   0.796058519471  2.89047014297   1.0             1e-05           
0.00318703125843 290.978647972   0.0             0.0             0.501339731194  141.540843314   1601.35184195   0.798098798258  2.89094962018   1.0             1e-05           
0.00319210987486 291.057460028   0.0             0.0             0.501349527581  141.403773251   1599.80107122   0.800126294495  2.90612460785   1.0             1e-05           
0.00319719333466 291.134377981   0.0             0.0             0.501359356328  141.232469025   1597.86298515   0.802095171165  2.90678235877   1.0             1e-05           
0.0032022815799 291.209557731   0.0             0.0             0.501369227685  141.061969997   1595.93400884   0.804028527222  2.90742585221   1.0             1e-05           
0.00320737455437 291.283401085   0.0             0.0             0.501379141987  140.892324022   1594.01468373   0.805926996147  2.90805751753   1.0             1e-05           
0.00321247220362 291.355916482   0.0             0.0             0.501389099174  140.723520823   1592.10489354   0.807791464831  2.90867779535   1.0             1e-05           
