0.0             0.227727842736  1.025           1.025           0.5             1.42631524917   0.0744511474678 0.105135550511  0.00282102655629 1.0             0.0001          
0.00015625      0.227727344396  1.02509052072   1.02500168522   0.500000134817  1.42631524917   0.0744511474678 0.105135550511  0.0028822149564 1.0             0.0001          
0.0003125       0.240169395027  1.02518420056   1.02500338294   0.500000284768  1.47790967228   0.0751067297755 0.106060395219  0.00300377008848 1.0             0.0001          
0.00046875      0.253129887147  1.0252847985    1.02500510215   0.50000044897   1.52999634904   0.0757771854835 0.107006240483  0.00313133785201 1.0             0.0001          
0.000625        0.266866398332  1.02539269865   1.02500684393   0.500000628594  1.58355476072   0.0764758789876 0.107991940074  0.00326640910595 1.0             0.0001          
0.00078125      0.281418743771  1.02550839636   1.02500860944   0.50000082481   1.63860559597   0.0772041760671 0.109019423104  0.00340946860725 1.0             0.0001          
0.0009375       0.296833586543  1.02563239075   1.02501039982   0.500001038885  1.69518965785   0.0779636290864 0.110090881367  0.00356104777102 1.0             0.0001          
0.00109375      0.313160218558  1.02576519925   1.02501221615   0.500001272191  1.75334896791   0.0787557540069 0.111208454928  0.00372170496787 1.0             0.0001          
0.00125         0.330450814976  1.02590736327   1.02501405956   0.5000015262    1.81312718708   0.0795820316326 0.112374233793  0.00389202754279 1.0             0.0001          
0.00140625      0.348760611303  1.02605945232   1.02501593114   0.500001802493  1.87456966366   0.0804439036238 0.113590252191  0.00407263353967 1.0             0.0001          
0.0015625       0.368148094577  1.02622206716   1.02501783203   0.500002102764  1.93772349424   0.0813427686668 0.114858483075  0.00426417347674 1.0             0.0001          
0.00171875      0.388675207819  1.02639584254   1.02501976335   0.500002428821  2.00263759075   0.0822799796781 0.116180834069  0.00446733218957 1.0             0.0001          
0.001875        0.410407568858  1.02658144985   1.02502172626   0.500002782599  2.06936275448   0.0832568427346 0.117559145855  0.00468283071661 1.0             0.0001          
0.00203125      0.433414704761  1.02677959961   1.02502372193   0.50000316616   2.13795175764   0.0842746181715 0.118995193612  0.00491142827177 1.0             0.0001          
0.0021875       0.457770303237  1.02699104417   1.02502575155   0.5000035817    2.20845943364   0.0853345240374 0.120490691782  0.00515392436649 1.0             0.0001          
0.00234375      0.483552482543  1.02721658036   1.02502781636   0.500004031561  2.28094277658   0.0864377418702 0.122047302114  0.00541116112937 1.0             0.0001          
0.0025          0.510844081612  1.02745705235   1.02502991761   0.50000451823   2.35546105088   0.0875854245661 0.123666644647  0.00568402589131 1.0             0.0001          
0.00265625      0.539732972072  1.02771335468   1.02503205657   0.500005044354  2.43207591089   0.0887787061032 0.125350311315  0.0059734540541 1.0             0.0001          
0.0028125       0.570312394982  1.02798643549   1.02503423456   0.500005612743  2.51085153306   0.09001871234   0.127099881046  0.00628043231359 1.0             0.0001          
0.00296875      0.602681323953  1.02827729989   1.02503645292   0.500006226379  2.59185475968   0.0913065727823 0.128916936223  0.00660600221865 1.0             0.0001          
0.003125        0.636944857187  1.0285870137    1.02503871304   0.500006888428  2.675155255     0.0926434328954 0.130803079884  0.00695126414436 1.0             0.0001          
0.00328125      0.673214642123  1.02891670736   1.02504101632   0.500007602247  2.76082567652   0.0940304661946 0.132759952586  0.00731738165704 1.0             0.0001          
0.0034375       0.711609335281  1.02926758016   1.02504336423   0.500008371394  2.84894186118   0.0954688861159 0.134789248929  0.00770558631716 1.0             0.0001          
0.00359375      0.752255101159  1.02964090485   1.02504575826   0.500009199643  2.93958302797   0.0969599573146 0.136892733232  0.00811718292619 1.0             0.0001          
0.00375         0.79528615419   1.03003803252   1.02504819994   0.500010090992  3.03283199806   0.0985050062531 0.139072254163  0.00855355525673 1.0             0.0001          
0.00390625      0.840845348243  1.03046039794   1.02505069084   0.500011049675  3.12877543369   0.100105430996  0.141329758196  0.00901617226273 1.0             0.0001          
0.0040625       0.889084818692  1.03090952534   1.02505323259   0.50001208018   3.22750409725   0.101762710183  0.143667301856  0.00950659482639 1.0             0.0001          
0.00421875      0.940166682642  1.03138703455   1.02505582684   0.500013187263  3.3291131323    0.10347841118   0.146087062732  0.0100264830722 1.0             0.0001          
0.004375        0.994263803591  1.03189464783   1.0250584753    0.50001437596   3.433702369     0.10525419741   0.148591349255  0.0105776043084 1.0             0.0001          
0.00453125      1.05156062758   1.03243419712   1.02506117973   0.500015651607  3.54137665653   0.107091834877  0.151182609267  0.0111618416379 1.0             0.0001          
0.0046875       1.11225409875   1.03300763202   1.02506394194   0.50001701986   3.65224622547   0.108993197919  0.153863437388  0.0117812033452 1.0             0.0001          
0.00484375      1.17655466326   1.03361702839   1.02506676378   0.500018486712  3.76642708317   0.110960274205  0.156636581222  0.0124378331029 1.0             0.0001          
0.005           1.24468737161   1.0342645978    1.02506964714   0.500020058512  3.88404144545   0.112995169033  0.159504946437  0.0131340211059 1.0             0.0001          
0.00515625      1.3168930908    1.03495269772   1.02507259401   0.500021741995  4.00521820797   0.115100108933  0.162471600746  0.0138722162392 1.0             0.0001          
0.0053125       1.39342983907   1.0356838428    1.02507560638   0.500023544299  4.13009346146   0.117277444627  0.165539776808  0.0146550393965 1.0             0.0001          
0.00546875      1.47457425781   1.03646071704   1.02507868632   0.500025472994  4.25881105491   0.119529653351  0.16871287405   0.0154852980884 1.0             0.0001          
0.005625        1.56062323696   1.03728618721   1.02508183598   0.500027536109  4.39152321182   0.121859340568  0.17201738031   0.0163660025491 1.0             0.0001          
0.00578125      1.65189571252   1.03816331754   1.02508505752   0.500029742165  4.52839120473   0.124269241137  0.175439658043  0.0173003835021 1.0             0.0001          
0.0059375       1.74873465699   1.03909538584   1.0250883532    0.500032100203  4.66958609443   0.126762220038  0.178980931547  0.018291911871  1.0             0.0001          
0.00609375      1.85150928687   1.04008590119   1.02509172533   0.500034619822  4.81528954032   0.129341272861  0.182645527211  0.0193443207488 1.0             0.0001          
0.00625         1.96061751386   1.04113862347   1.02509517628   0.500037311215  4.96569468985   0.132009526387  0.186437957765  0.0204616299948 1.0             0.0001          
0.00640625      2.0764886707    1.04225758474   1.02509870849   0.500040185208  5.12100715557   0.134770239801  0.190362923064  0.0216481739668 1.0             0.0001          
0.0065625       2.1995865465    1.04344711304   1.02510232447   0.50004325331   5.28144608946   0.137626807379  0.194425312777  0.0229086330293 1.0             0.0001          
0.00671875      2.33041277121   1.04471185845   1.02510602678   0.500046527756  5.4472453656    0.140582763878  0.198630212734  0.0242480696816 1.0             0.0001          
0.006875        2.46951059462   1.04605682204   1.02510981809   0.500050021558  5.61865488364   0.143641794455  0.20298291748   0.0256719704355 1.0             0.0001          
0.00703125      2.61746911161   1.04748738793   1.0251137011    0.500053748573  5.79594200699   0.146807751605  0.207488952611  0.0271862949941 1.0             0.0001          
0.0071875       2.77492799283   1.04900935877   1.02511767862   0.500057723557  5.97939315214   0.150084682524  0.212154111705  0.0287975347779 1.0             0.0001          
0.00734375      2.94223349792   1.05062648995   1.02512187651   0.500061955397  6.16653028008   0.149085269153  0.210512415224  0.0303443024452 1.0             0.0001          
0.0075          3.12072087481   1.0523457453    1.02512630641   0.500066463895  6.36281685563   0.151960837663  0.214576291885  0.0321901603814 1.0             0.0001          
0.00765625      3.3109058325    1.05417691936   1.02513085931   0.500071277571  6.56613701419   0.154895379632  0.218724268229  0.0341596589803 1.0             0.0001          
0.0078125       3.51372254228   1.05612761625   1.02513554217   0.500076417103  6.77692027582   0.157891989182  0.222960836916  0.0362632890061 1.0             0.0001          
0.00796875      3.73014692111   1.05820624219   1.02514036128   0.50008190472   6.99556906313   0.160952653262  0.227288838594  0.038512407503  1.0             0.0001          
0.008125        3.96124801773   1.06042193215   1.02514532317   0.500087764465  7.22251889656   0.164080769152  0.231713081496  0.0409196314219 1.0             0.0001          
0.00828125      4.20819751673   1.06278461449   1.02515043458   0.50009402239   7.45824031484   0.167281117457  0.236240304276  0.0434990089929 1.0             0.0001          
0.0084375       4.47228147491   1.06530508315   1.02515570255   0.500100706781  7.70324219075   0.170560012246  0.240879389053  0.04626621814   1.0             0.0001          
0.00859375      4.75491353464   1.06799507984   1.0251611344    0.500107848416  7.95807530557   0.173925403973  0.245641510132  0.0492387812472 1.0             0.0001          
0.00875         5.05764983131   1.0708673857    1.02516673778   0.500115480852  8.22333625318   0.177386927006  0.250540206834  0.0524362924016 1.0             0.0001          
0.00890613314473 5.38159702092   1.0739327274    1.02517238854   0.500123598545  8.49916740243   0.179191010113  0.252896842978  0.0556002951445 1.0             0.0001          
0.00905689553192 5.72967644769   1.07709578616   1.02517788913   0.50013193377   8.78716110248   0.182847358108  0.258051571548  0.0591637249298 1.0             0.0001          
0.00920249028731 6.09053945733   1.08035881105   1.02518335341   0.500140509515  9.0773462345    0.186484837877  0.263179629398  0.0628586185635 1.0             0.0001          
0.009343157736  6.46438116808   1.08372055746   1.02518877939   0.500149320119  9.36978022048   0.190099690616  0.268275432486  0.0666866042269 1.0             0.0001          
0.00947920826526 6.85130677081   1.08718207273   1.0251941691    0.500158365282  9.66443478378   0.193690794235  0.273337329992  0.0706499403833 1.0             0.0001          
0.00961092490803 7.25167261378   1.0907444426    1.02519952441   0.500167644795  9.96146627018   0.197259074117  0.278366538623  0.0747521283352 1.0             0.0001          
0.00973856652384 7.66584502775   1.09440884946   1.02520484708   0.500177158591  10.2610225783   0.20080516349   0.283390764547  0.0789966328662 1.0             0.0001          
0.00986237047744 8.09420453569   1.09817655438   1.02521013876   0.500186906722  10.5632471131   0.204329434531  0.288390908712  0.083386870547  1.0             0.0001          
0.0099824030189 8.53715804436   1.10204399061   1.02521539426   0.500196876538  10.8682787254   0.207832019123  0.293362277942  0.0879234068388 1.0             0.0001          
0.0100988351865 8.99451873743   1.10601081112   1.02522061321   0.500207063736  11.1758616977   0.21130845119   0.298298714099  0.0926053097851 1.0             0.0001          
0.0102118686602 9.46647771692   1.11007798857   1.02522579704   0.500217467584  11.4860065977   0.214757408532  0.303198524856  0.0974342561503 1.0             0.0001          
0.0103216895876 9.95339449165   1.11424649334   1.02523094705   0.500228087329  11.798827474    0.218178831739  0.30806180708   0.102412700315  1.0             0.0001          
0.0104284701551 10.4556329858   1.11851732199   1.02523606439   0.50023892224   12.1144309884   0.221572713602  0.312888719568  0.107543083086  1.0             0.0001          
0.0105323699468 10.973563464    1.12289148737   1.02524115014   0.500249971612  12.432918343    0.224939193412  0.317679608318  0.112827896843  1.0             0.0001          
0.0106335371483 11.5075612279   1.12737001107   1.02524620527   0.500261234782  12.754384981    0.2282786068    0.322435070733  0.118269729044  1.0             0.0001          
0.0107319689282 12.0580310904   1.13194737541   1.02525122347   0.500272694578  13.0789205615   0.231591502375  0.32715597615   0.123867435638  1.0             0.0001          
0.0108277909224 12.6245167932   1.1366236448    1.02525620502   0.500284348123  13.4061402572   0.234873928145  0.331836744471  0.129618841715  1.0             0.0001          
0.0109211347497 13.2072574474   1.14139939066   1.0252611509    0.500296194188  13.7360692393   0.238126456431  0.336478207065  0.135525837709  1.0             0.0001          
0.0110120937704 13.8061114542   1.14627751544   1.02526608579   0.500308183023  14.0726984463   0.250134180547  0.352858720336  0.140987779509  1.0             0.0001          
0.0111008133785 14.4220500491   1.1512597955    1.02527101451   0.500320319616  14.4082643197   0.25381392581   0.358048140478  0.147205175801  1.0             0.0001          
0.0111874006396 15.055138622    1.15634293121   1.02527591611   0.500332647845  14.7467047733   0.257485623224  0.363231684803  0.153592403076  1.0             0.0001          
0.0112719559934 15.7056847995   1.16152765094   1.02528079175   0.500345167582  15.0880557155   0.261152754282  0.368408063251  0.160152244674  1.0             0.0001          
0.011354573656  16.3739814011   1.16681440087   1.02528564266   0.500357879013  15.4323508968   0.264815325878  0.373577280607  0.166887485399  1.0             0.0001          
0.0114352914024 17.0603315451   1.17220020317   1.02529046699   0.50037077425   15.7796162991   0.268472887599  0.378738723426  0.173798762461  1.0             0.0001          
0.0115141304176 17.7645724081   1.17768073342   1.025295262     0.500383842485  16.129650124    0.272122167056  0.383887828746  0.180883449615  1.0             0.0001          
0.0115911776893 18.4863098114   1.18325601228   1.025300029     0.500397083764  16.4821679621   0.275758691465  0.389018375378  0.188140581388  1.0             0.0001          
0.0116665149903 19.2257345271   1.18892591072   1.02530476927   0.500410498157  16.8371706614   0.2793806637    0.394127949837  0.195572168591  1.0             0.0001          
0.0117402193067 19.9830144816   1.19469024479   1.02530948401   0.500424085859  17.1946476609   0.28298598039   0.399213731115  0.203180180858  1.0             0.0001          
0.0118123632047 20.758301467    1.20054876904   1.0253141744    0.500437847206  17.554580994    0.28657250241   0.404272860038  0.210966623194  1.0             0.0001          
0.01188301516   21.5517301981   1.20650117387   1.02531884158   0.500451782683  17.9169454824   0.290138370855  0.409302867881  0.21893357867   1.0             0.0001          
0.011952239854  22.3634162498   1.21254708316   1.02532348665   0.500465892935  18.2817085146   0.293682378304  0.414302178472  0.227083238336  1.0             0.0001          
0.012020098443  23.1934544187   1.21868605224   1.02532811072   0.500480178784  18.6488301789   0.297204357689  0.419270631439  0.235417907695  1.0             0.0001          
0.0120866488027 24.0419177572   1.22491756653   1.02533271485   0.500494641231  19.0182634685   0.300705518828  0.424209932354  0.243939975344  1.0             0.0001          
0.0121519457491 24.9088556422   1.23124104059   1.02533730013   0.500509281466  19.3899539063   0.304188644703  0.42912391207   0.252651823369  1.0             0.0001          
0.0122160310368 25.7943010898   1.23765479744   1.02534186695   0.500524098474  19.7638391947   0.30765804732   0.434018459354  0.261555010535  1.0             0.0001          
0.0122788857566 26.698162383    1.24415098353   1.02534641147   0.500539077205  20.1397886621   0.311118677759  0.438900277745  0.270645938169  1.0             0.0001          
0.0123405622891 27.6193246765   1.25072873507   1.02535093508   0.500554219121  20.5173087128   0.314572838671  0.443772279164  0.279920172282  1.0             0.0001          
0.012401110263  28.5576907685   1.25738701475   1.02535543917   0.500569525645  20.8963157274   0.318026496921  0.448642533194  0.289377727522  1.0             0.0001          
0.0124605767593 29.5131221902   1.26412473823   1.02535992519   0.500584998226  21.2767119542   0.321484593633  0.45351769539   0.299017635688  1.0             0.0001          
0.0125190064874 30.4854493358   1.27094076855   1.02536439461   0.500600638298  21.6583896716   0.324950539345  0.458402329983  0.30883796705   1.0             0.0001          
0.0125764573523 31.4741522438   1.27783414507   1.02536887004   0.500616515637  22.0374039333   0.32178237243   0.454370280515  0.320129174319  1.0             0.0001          
0.0126329546122 32.4798485586   1.28480180702   1.0253733514    0.500632627322  22.4211060681   0.324955160207  0.458866996968  0.33031769063   1.0             9.98594264508e-05 
0.0126885369097 33.5018367109   1.29184396445   1.02537782053   0.500648912621  22.8057024648   0.328117811924  0.463349942444  0.340674108625  1.0             9.95364385764e-05 
0.0127432411505 34.5396990109   1.29895922579   1.02538227878   0.50066537305   23.191020238    0.331270049282  0.467818741076  0.351193943275  1.0             9.91742081249e-05 
0.0127971025589 35.5930937267   1.30614613807   1.0253867274    0.500682010001  23.5769069795   0.334414458024  0.472276986091  0.361872749584  1.0             9.87072412454e-05 
0.0128501547838 36.6616419406   1.31340319366   1.02539116759   0.500698824848  23.9632022774   0.337554162931  0.476728992715  0.372705704838  1.0             9.82626822278e-05 
0.0129024299949 37.7449281715   1.32072882673   1.02539560052   0.500715818944  24.3497381861   0.340692576295  0.481179457622  0.383687694361  1.0             9.769341204e-05 
0.0129539589715 38.8425001617   1.32812141464   1.02540002732   0.500732993633  24.7363393557   0.343833169676  0.485633148942  0.394813351962  1.0             9.7111960974e-05 
0.0130047711847 39.9538688628   1.3355792789    1.02540444908   0.500750350254  25.1228232247   0.34697929718   0.490094664937  0.40607706899   1.0             9.65607873272e-05 
0.0130548948741 41.0785085838   1.34310068625   1.02540886686   0.500767890155  25.5090002663   0.35013406869   0.494568258939  0.417472984755  1.0             9.59398401941e-05 
0.0131043571178 42.2158573057   1.35068385001   1.0254132817    0.500785614694  25.8946742912   0.353300263408  0.499057717469  0.428994968899  1.0             9.52481969441e-05 
0.0131531838982 43.3653171685   1.35832693141   1.0254176946    0.500803525244  26.279642803    0.356480272912  0.503566277056  0.440636602627  1.0             9.45953135462e-05 
0.0132013791514 44.5263074083   1.36602468954   1.02542210464   0.500821615269  26.6636974018   0.359676065142  0.508096568324  0.452388907113  1.0             9.39802286176e-05 
0.0132489476803 45.6976507536   1.37377190744   1.02542651095   0.500839878291  27.0464576483   0.362887759593  0.512648590343  0.464239721194  1.0             9.32988024005e-05 
0.0132959150866 46.8780891055   1.38156668575   1.02543091461   0.500858315762  27.4275482518   0.3661150553    0.517221728625  0.476178858594  1.0             9.25379934749e-05 
0.0133423059282 48.0668998995   1.38940705764   1.02543531668   0.500876929107  27.8067606132   0.369358609869  0.521816701108  0.488198743388  1.0             9.18243374443e-05 
0.0133881437779 49.2633308313   1.39729102895   1.0254397182    0.500895719779  28.1838821933   0.372618634644  0.526433559071  0.500291509209  1.0             9.11560499693e-05 
0.0134334512772 50.4666054278   1.40521657844   1.02544412024   0.500914689248  28.5586981639   0.375894929711  0.531071730372  0.512449027219  1.0             9.05313869027e-05 
0.0134782501856 51.6759247738   1.4131816595    1.02544852383   0.500933839007  28.9309919827   0.379186920477  0.53573006654   0.524662917714  1.0             8.97720978786e-05 
0.0135225614268 52.8904694549   1.42118420177   1.02545293003   0.500953170561  29.3005460255   0.382493704279  0.540406906517  0.536924567218  1.0             8.89920766263e-05 
0.0135664051321 54.1094016363   1.42922211284   1.02545733993   0.500972685429  29.6671422416   0.385814105613  0.545100155681  0.549225150481  1.0             8.8265646751e-05 
0.0136098006797 55.3318672712   1.43729328001   1.02546175461   0.50099238514   30.0305628046   0.389146740797  0.549807381526  0.561555653961  1.0             8.75905427561e-05 
0.0136527665769 56.5570877305   1.44539398158   1.02546617075   0.501012239312  30.3889335391   0.390049858296  0.550808238857  0.572596917384  1.0             8.69645985082e-05 
0.013695321112  57.7839472268   1.45352232513   1.02547058962   0.501032248876  30.74511393     0.393152729644  0.555211269585  0.584889027635  1.0             8.63259861368e-05 
0.0137374816806 59.0115107658   1.46167761289   1.02547501697   0.501052446185  31.09740765     0.396260377099  0.559623396803  0.597183767914  1.0             8.55174675351e-05 
0.0137792650158 60.2390714558   1.46985742039   1.02547945402   0.501072833258  31.4456533019   0.399374114598  0.564046790589  0.609473181024  1.0             8.47699481443e-05 
0.0138206872617 61.4657293955   1.47805956129   1.02548390183   0.501093412022  31.7896445782   0.402494756985  0.568482948136  0.621748364236  1.0             8.40805895304e-05 
0.0138617639995 62.6905861893   1.48628180776   1.02548836144   0.501114184459  32.129180337    0.405623161066  0.572933425779  0.634000477495  1.0             8.34466336087e-05 
0.0139025102728 63.9127452896   1.49452193407   1.02549283388   0.501135152578  32.4640646564   0.408760226667  0.577399825011  0.646220757894  1.0             8.28654091075e-05 
0.0139429406105 65.1313147934   1.50277771201   1.02549732018   0.501156318419  32.7941075028   0.411906895074  0.581883772459  0.658400543062  1.0             8.23343370912e-05 
0.0139830690489 66.3454101564   1.5110469145    1.02550182131   0.501177684051  33.1191253548   0.415064139325  0.586386887738  0.670531289098  1.0             8.15686550863e-05 
0.014022909152  67.5541568684   1.51932731787   1.02550633828   0.501199251569  33.4389417748   0.418232945441  0.590910739911  0.682604584121  1.0             8.08354031801e-05 
0.0140623341409 68.7573908802   1.52758744797   1.02551085602   0.501220945803  33.7533879541   0.421414284841  0.595456795262  0.694594857697  1.0             8.01682879586e-05 
0.0141012377191 69.9499880993   1.53579953098   1.02551536126   0.501242698704  34.0612184488   0.424597772034  0.600010180351  0.706454588761  1.0             7.95652146507e-05 
0.014139646936  71.1268886076   1.54396353361   1.02551985581   0.50126451429   34.3614103331   0.427774187431  0.604557547552  0.718156734673  1.0             7.90217826956e-05 
0.014177587305  72.2877783586   1.55207928477   1.02552434137   0.501286396184  34.6540137858   0.430944799171  0.609100462986  0.729698394079  1.0             7.85338647934e-05 
0.0142150829152 73.4323607795   1.56014663564   1.0255288196    0.501308347914  34.9390823476   0.434110631075  0.613640097677  0.741076831578  1.0             7.80976218711e-05 
0.0142521565298 74.5603689302   1.56816545325   1.02553329207   0.501330372926  35.2166740453   0.437272498571  0.618177302556  0.752289536111  1.0             7.75302027227e-05 
0.0142888296761 75.6715646168   1.57613561946   1.02553776034   0.50135247458   35.4868511648   0.440431004839  0.622712626852  0.763334218627  1.0             7.68554282067e-05 
0.0143251227292 76.7657377012   1.58405702974   1.02554222591   0.501374656148  35.7496800854   0.443586546097  0.627246346982  0.774208816346  1.0             7.6247392415e-05 
0.0143610549888 77.8427053753   1.59192959224   1.02554669025   0.501396920819  36.0052311225   0.446739323742  0.631778500361  0.784911501174  1.0             7.5701580088e-05 
0.0143966447499 78.9023114146   1.59975322699   1.0255511548    0.501419271695  36.2535783671   0.449889365383  0.636308925612  0.795440686765  1.0             7.5213759281e-05 
0.014431909368  79.9444254154   1.60752786532   1.02555562095   0.501441711796  36.4947995386   0.453036544518  0.640837293826  0.805795037438  1.0             7.47799699302e-05 
0.0144668653194 80.9689420203   1.61525344945   1.02556009006   0.501464244066  36.7289758364   0.456180601076  0.645363134042  0.815973475063  1.0             7.43965123491e-05 
0.0145015282568 81.9757801349   1.62292993222   1.02556456346   0.501486871368  36.956191791    0.459321161444  0.649885851746  0.825975182056  1.0             7.4059935661e-05 
0.0145359130607 82.9648821044   1.63055727696   1.02556904246   0.501509596497  37.1765351113   0.462457755045  0.654404737221  0.835799600658  1.0             7.37670261846e-05 
0.0145700338873 83.9362127854   1.63813545749   1.02557352833   0.501532422173  37.3900965134   0.46558982865   0.658918966493  0.845446427981  1.0             7.33330378588e-05 
0.014603904212  84.8897585793   1.64566445814   1.0255780223    0.501555351054  37.5969695368   0.468716759822  0.663427598146  0.854915608454  1.0             7.27576864744e-05 
0.0146375368701 85.8255266647   1.65314427382   1.02558252559   0.501578385732  37.7972503912   0.471837871186  0.667929569669  0.864207325085  1.0             7.2243814149e-05 
0.0146709440953 86.743544338    1.66057491018   1.02558703941   0.501601528735  37.9910378152   0.474952447861  0.672423698008  0.873321987887  1.0             7.17873948465e-05 
0.014704137554  87.643858176    1.66795638385   1.02559156492   0.501624782536  38.1784328966   0.478059760188  0.676908688846  0.882260218588  1.0             7.13846417122e-05 
0.0147371283783 88.5265330757   1.67528872263   1.02559610329   0.501648149545  38.3595388675   0.481159093614  0.681383158885  0.89102283327   1.0             7.10319978008e-05 
0.0147699271963 89.3916513157   1.68257196573   1.02560065567   0.501671632119  38.5344608994   0.484249786897  0.685845674738  0.899610824187  1.0             7.07261268063e-05 
0.0148025441602 90.2393116494   1.68980616387   1.0256052232    0.50169523256   38.7033059018   0.487331278946  0.690294810843  0.908025341334  1.0             7.04639037967e-05 
0.0148349889719 91.0696284159   1.69699137937   1.02560980704   0.501718953115  38.8661823209   0.49040316304   0.694729226608  0.916267674258  1.0             7.0242405959e-05 
0.014867270908  91.8827306671   1.70412768621   1.02561440831   0.50174279598   39.0231999422   0.493465245283  0.699147759836  0.924339234965  1.0             7.00589033643e-05 
0.014899399106  92.6781318624   1.7112168626    1.02561904666   0.501766744352  39.1770591917   0.50085603916   0.707574780145  0.931926843968  1.0             6.99108268434e-05 
0.0149313818404 93.457170471    1.71825889299   1.02562372344   0.501790800475  39.3226125762   0.504012642376  0.712047609444  0.939644505826  1.0             6.97027049058e-05 
0.0149632272533 94.2192528776   1.72525225747   1.02562842205   0.501814985571  39.4625991033   0.507169962633  0.716521360141  0.947194465658  1.0             6.92254251826e-05 
0.0149949431369 94.9647544902   1.73219713033   1.02563314375   0.501839301566  39.5971671799   0.510329013939  0.720997379672  0.954579555587  1.0             6.88033439476e-05 
0.0150265369558 95.6938655866   1.73909364733   1.02563788956   0.501863750476  39.7264309927   0.513490059716  0.725475999598  0.961801728294  1.0             6.84330340527e-05 
0.0150580158642 96.4067874908   1.74594195794   1.02564266045   0.501888334267  39.8505050873   0.51665333375   0.729957557442  0.968863043523  1.0             6.81112619638e-05 
0.015089386721  97.1037307787   1.75274222409   1.02564745742   0.501913054863  39.9695043064   0.519819026499  0.734442377155  0.975765655315  1.0             6.78349805877e-05 
0.0151206561037 97.7849145151   1.75949461981   1.02565228143   0.501937914141  40.0835436371   0.522987277402  0.738930753555  0.982511804579  1.0             6.76013211576e-05 
0.0151518303217 98.4505655372   1.76619933132   1.02565713342   0.501962913939  40.1927380882   0.52615817174   0.743422939277  0.989103811489  1.0             6.74075853814e-05 
0.0151829154282 99.1009177574   1.77285655696   1.02566201435   0.501988056051  40.2972025703   0.52933174243   0.747919136047  0.995544067694  1.0             6.72512377459e-05 
0.0152139172322 99.7362114897   1.77946650715   1.02566692514   0.50201334223   40.3970517795   0.53250797609   0.752419490974  1.00183502839   1.0             6.71298979763e-05 
0.0152448413089 100.356692797   1.78602940434   1.02567186671   0.502038774185  40.4924000842   0.535686822145  0.756924097728  1.00797920453   1.0             6.7041333655e-05 
0.0152756930101 100.962612861   1.79254548287   1.02567683995   0.502064353586  40.5833614149   0.538868203407  0.761433001693  1.01397915531   1.0             6.69834529969e-05 
0.0153064774735 101.554227377   1.79901498889   1.02568184576   0.502090082061  40.670049158    0.542052026631  0.765946207678  1.01983748105   1.0             6.69542977827e-05 
0.0153371996316 102.131795968   1.80543818021   1.02568688502   0.502115961195  40.7525760537   0.54523819188   0.770463688734  1.02555681675   1.0             6.69520364523e-05 
0.0153678642204 102.695581641   1.81181532612   1.02569195861   0.502141992533  40.8310540991   0.548426600087  0.774985395002  1.03113982722   1.0             6.69749573613e-05 
0.015398475787  103.24585044    1.8181467073    1.02569706738   0.502168177576  40.905594491    0.551617158665  0.779511261825  1.03658920415   1.0             6.66184023762e-05 
0.0154290386976 103.782871139   1.82443261565   1.0257022122    0.502194517786  40.9763076163   0.554809784194  0.784041215179  1.04190765478   1.0             6.63006320977e-05 
0.0154595571438 104.306913385   1.83067335387   1.02570739391   0.502221014582  41.0433026805   0.558004404091  0.788575176581  1.04709789376   1.0             6.60267959843e-05 
0.0154900351493 104.818247855   1.83686923511   1.02571261337   0.502247669339  41.1066877234   0.561200958098  0.793113068065  1.05216264869   1.0             6.57943524845e-05 
0.0155204765762 105.317146966   1.84302058292   1.0257178714    0.502274483392  41.1665698097   0.564399397408  0.797654813832  1.05710465731   1.0             6.5600900157e-05 
0.015550885131  105.803883538   1.84912773087   1.02572316885   0.502301458035  41.2230547822   0.567599683025  0.802200340678  1.06192665938   1.0             6.54441708257e-05 
0.0155812643704 106.278730428   1.85519102225   1.02572850655   0.502328594518  41.2762472073   0.570801784567  0.806749578711  1.06663139342   1.0             6.53220229956e-05 
0.0156116177062 106.741960164   1.86121080984   1.02573388532   0.502355894049  41.3262503217   0.57400567877   0.81130246125   1.07122159329   1.0             6.5232435529e-05 
0.0156419484105 107.193844597   1.86718745546   1.02573930598   0.502383357796  41.3731659809   0.577211348004  0.815858924385  1.07569998482   1.0             6.5173501573e-05 
0.0156722596203 107.63465456    1.87312132971   1.02574476936   0.502410986884  41.4170946112   0.580418778877  0.820418906303  1.08006928235   1.0             6.51434227311e-05 
0.0157025543423 108.064659553   1.87901281158   1.02575027628   0.502438782394  41.458135165    0.583627961002  0.824982346551  1.08433218556   1.0             6.51405034693e-05 
0.015732835457  108.484127438   1.88486228804   1.02575582754   0.502466745368  41.4963850804   0.586838885889  0.829549185212  1.08849137633   1.0             6.51631457485e-05 
0.0157631057226 108.89332416    1.89067015377   1.02576142395   0.502494876805  41.5319402449   0.590051546045  0.834119362187  1.09254951587   1.0             6.52098438739e-05 
0.0157933677791 109.292513485   1.89643681068   1.02576706634   0.502523177661  41.5648949623   0.593265934177  0.838692816454  1.09650924197   1.0             6.52791795545e-05 
0.0158236241522 109.681956756   1.90216266759   1.02577275549   0.50255164885   41.5953419232   0.596482042541  0.843269485421  1.10037316626   1.0             6.53698171625e-05 
0.0158538772565 110.061912665   1.90784813983   1.02577849222   0.502580291246  41.6233721802   0.599699862451  0.847849304402  1.10414387172   1.0             6.54804991878e-05 
0.0158841293988 110.432637045   1.91349364885   1.02578427732   0.502609105678  41.6490751299   0.602919384078  0.852432206446  1.10782391104   1.0             6.56100418808e-05 
0.0159143827821 110.794382677   1.9190996218    1.0257901116    0.502638092934  41.672538497    0.606140596114  0.857018121927  1.11141580513   1.0             6.57573310753e-05 
0.0159446395078 111.147399116   1.92466649119   1.02579599586   0.502667253761  41.6938483166   0.609363485258  0.861606977867  1.11492204093   1.0             6.56572375314e-05 
0.0159749015792 111.491932525   1.93019469444   1.02580193088   0.502696588861  41.7130889197   0.612588035567  0.866198697029  1.11834506952   1.0             6.54533310745e-05 
0.0160051709046 111.828225531   1.93568467351   1.02580791745   0.502726098895  41.7303429192   0.615814227694  0.870793196832  1.12168730206   1.0             6.52839106603e-05 
0.0160354492993 112.156517087   1.9411368745    1.02581395638   0.502755784481  41.7456912015   0.61904203929   0.875390389888  1.12495110898   1.0             6.51471628639e-05 
0.0160657384894 112.477042353   1.94655174726   1.02582004845   0.502785646194  41.7592129317   0.622271444808  0.87999018363   1.12813882191   1.0             6.50413680229e-05 
0.0160960401132 112.790032586   1.95192974497   1.02582619444   0.502815684567  41.7709855544   0.625502414467  0.884592478738  1.1312527322    1.0             6.4964895182e-05 
0.0161263557247 113.095715044   1.95727132378   1.02583239513   0.502845900089  41.7810847922   0.628734912892  0.889197167164  1.13429508902   1.0             6.49161972989e-05 
0.0161566867956 113.394312894   1.96257694237   1.02583865132   0.502876293205  41.7895846246   0.631968897609  0.893804130128  1.13726809804   1.0             6.48938067024e-05 
0.0161870347176 113.686045142   1.9678470616    1.02584496378   0.502906864319  41.7965572343   0.635204319017  0.898413238167  1.14017391841   1.0             6.48963307895e-05 
0.0162174008049 113.971126565   1.97308214411   1.02585133329   0.50293761379   41.8020730346   0.638441122775  0.903024353585  1.14301465867   1.0             6.49224479518e-05 
0.0162477862965 114.24976766    1.97828265401   1.02585776062   0.502968541937  41.806200805    0.641679247698  0.907637325881  1.14579238126   1.0             6.49709037195e-05 
0.0162781923579 114.5221746     1.98344905644   1.02586424656   0.502999649032  41.8090076891   0.644918620663  0.912251983927  1.14850910477   1.0             6.50405071102e-05 
0.0163086200839 114.788549198   1.98858181727   1.02587079186   0.503030935303  41.8105591408   0.648159156194  0.916868135405  1.1511668009    1.0             6.51301271759e-05 
0.0163390705001 115.049088889   1.99368140269   1.0258773973    0.503062400934  41.81091894     0.651400756575  0.921485566152  1.15376739757   1.0             6.52386897351e-05 
0.0163695445651 115.303986712   1.99874827889   1.02588406365   0.50309404606   41.8101492183   0.654643311924  0.926104037819  1.15631277678   1.0             6.53651742806e-05 
0.0164000431728 115.553431302   2.00378291172   1.02589079166   0.503125870773  41.8083104787   0.657886702887  0.930723288496  1.15880476698   1.0             6.55086110543e-05 
0.0164305671537 115.797606885   2.00878576643   1.02589758211   0.503157875113  41.8054616492   0.66113079516   0.935343021225  1.16124514556   1.0             6.56680782787e-05 
0.0164611172775 116.036693286   2.01375730736   1.02590443574   0.503190059073  41.8016601445   0.664375433944  0.939962890762  1.16363564472   1.0             6.58426995382e-05 
0.0164916942542 116.270865933   2.01869799772   1.02591135332   0.503222422594  41.7969618987   0.667620453165  0.944582508427  1.1659779422    1.0             6.60316413011e-05 
0.0165222987366 116.500295876   2.02360829931   1.02591833559   0.50325496556   41.7914214275   0.670865683019  0.949201441006  1.1682736572    1.0             6.62341105764e-05 
0.0165529313217 116.7251498     2.02848867245   1.02592538329   0.503287687795  41.7850919109   0.674110964521  0.953819213783  1.17052434399   1.0             6.64493526969e-05 
0.0165835925523 116.945590058   2.03333957582   1.02593249718   0.50332058906   41.7780252943   0.677356178589  0.958435325008  1.17273148032   1.0             6.66766492231e-05 
0.0166142829191 117.161774692   2.03816146656   1.02593967799   0.503353669041  41.7702724203   0.680601301361  0.963049282667  1.17489644746   1.0             6.6915315962e-05 
0.016645002862  117.373857461   2.04295480037   1.02594692645   0.503386927338  41.7618831992   0.683846508405  0.967660685817  1.17702049647   1.0             6.71647010947e-05 
0.0166757527718 117.581987873   2.04772003204   1.02595424327   0.503420363452  41.752906828    0.68709237319   0.97226939711   1.17910468915   1.0             6.71780442638e-05 
0.0167065334526 117.786349196   2.05246025802   1.02596162889   0.503453959931  41.7433520661   0.694051358508  0.981168431585  1.18000733703   1.0             6.71040345629e-05 
0.0167373448546 117.98695957    2.05717541621   1.02596908403   0.503487717313  41.7330850264   0.697404602413  0.985918409283  1.18198947627   1.0             6.70536703785e-05 
0.0167681872827 118.183848136   2.06186328656   1.02597660986   0.503521653957  41.7222917437   0.700759635696  0.990672324875  1.18393545407   1.0             6.70258553114e-05 
0.0167990609584 118.377336287   2.06652462007   1.02598420709   0.503555769461  41.7110509563   0.704116916405  0.995431352434  1.18584731001   1.0             6.70195024463e-05 
0.0168299660651 118.567550252   2.07115981142   1.02599187644   0.503590063642  41.6993969714   0.707476136238  1.00019613717   1.18772597795   1.0             6.70335786595e-05 
0.0168609027483 118.754615221   2.07576930567   1.02599961864   0.503624536318  41.6873614062   0.710835536931  1.00496665028   1.18957218163   1.0             6.70670973087e-05 
0.0168918714208 118.938555387   2.08035330956   1.02600743451   0.503659195647  41.6740727933   0.71057942485   1.00516234364   1.19160001705   1.0             6.71191513962e-05 
0.0169228718217 119.119742376   2.08491277766   1.02601532463   0.503694036426  41.6616909553   0.71471332475   1.01071545668   1.19320208789   1.0             6.71888296556e-05 
0.0169539041402 119.298382196   2.08944881521   1.02602329026   0.503729050298  41.6483823027   0.719631855928  1.01724988015   1.19463935769   1.0             6.72752192704e-05 
0.0169849686517 119.474362982   2.09396134197   1.02603133393   0.503764252799  41.6335077657   0.72510472268   1.02464118891   1.19600533812   1.0             6.73774871189e-05 
0.017016065353  119.647701798   2.09844975491   1.02603945803   0.503799663585  41.6178052047   0.72968607046   1.03119799528   1.19759333787   1.0             6.74948457257e-05 
0.0170471938975 119.818375871   2.10291357332   1.02604766298   0.503835285908  41.6028863794   0.732745171802  1.03592891351   1.19944933126   1.0             6.76265533598e-05 
0.0170783535002 119.986477925   2.10735643688   1.02605594123   0.503871050422  41.5938118325   0.733846561386  1.0375733708    1.20094616493   1.0             6.77719055151e-05 
0.0171095445902 120.152460163   2.11177930604   1.02606429231   0.503906942646  41.5799660312   0.737292429438  1.04244550725   1.20257005114   1.0             6.79302322255e-05 
0.017140767017  120.316299872   2.11617974919   1.02607272282   0.503943010309  41.5660662461   0.740699944935  1.04727124599   1.20417787049   1.0             6.81008564922e-05 
0.0171720206068 120.47803787    2.12055832483   1.0260812334    0.503979252214  41.55211778     0.744088012796  1.05207300786   1.20576790146   1.0             6.82831222261e-05 
0.0172033051611 120.63776535    2.12491536885   1.02608982473   0.504015667544  41.5381378711   0.747465131008  1.05686122071   1.20733989768   1.0             6.8476419906e-05 
0.0172346204597 120.795566859   2.1292512408    1.02609849751   0.50405225554   41.5241450666   0.750835429588  1.06164103626   1.20889410252   1.0             6.86801617367e-05 
0.0172659662615 120.951523648   2.13356628544   1.02610725244   0.504089015473  41.5101586048   0.754201110813  1.06641523219   1.21043098032   1.0             6.88937836903e-05 
0.0172973423054 121.105713824   2.13786084027   1.02611609022   0.504125946628  41.4961975856   0.757563428206  1.07118539985   1.21195109558   1.0             6.91167440438e-05 
0.0173287483115 121.25821252    2.14213523442   1.02612501156   0.504163048287  41.4822806172   0.760923127722  1.07595248806   1.21345505647   1.0             6.9348522407e-05 
0.0173601839821 121.409092013   2.14638978909   1.02613401717   0.504200319728  41.4684256413   0.764280665403  1.08071707486   1.2149434859    1.0             6.9588618751e-05 
0.0173916490028 121.55842182    2.15062481763   1.02614310777   0.504237760224  41.4546498504   0.767636322469  1.08547951277   1.21641700607   1.0             6.98365524967e-05 
0.0174231430437 121.706268785   2.15484062561   1.02615228408   0.504275369036  41.4409696494   0.770990269874  1.09024001101   1.21787622988   1.0             7.00918616566e-05 
0.0174546657603 121.852697161   2.15903751079   1.0261615468    0.504313145416  41.4274006434   0.774342606344  1.09499868438   1.21932175597   1.0             7.03541020269e-05 
0.0174862167946 121.997768685   2.16321576327   1.02617089667   0.504351088606  41.4139576384   0.777693381858  1.09975558357   1.22075416603   1.0             7.06228464275e-05 
0.0175177957761 122.141542648   2.16737566509   1.0261803344    0.504389197838  41.4006546508   0.781042612576  1.10451071467   1.22217402311   1.0             7.08976839868e-05 
0.0175494023228 122.284075969   2.17151749119   1.02618986071   0.504427472334  41.3875049213   0.784390290722  1.10926405205   1.22358187081   1.0             7.11782194685e-05 
0.0175810360422 122.425423259   2.17564151084   1.02619947634   0.504465911307  41.3745209316   0.787736391271  1.11401554722   1.22497823297   1.0             7.14640726385e-05 
0.017612696532  122.565636896   2.17974798473   1.026209182     0.50450451396   41.3617144239   0.791080876599  1.11876513494   1.22636361357   1.0             7.17548776686e-05 
0.0176443833812 122.704767091   2.18383716469   1.02621897845   0.504543279489  41.3490964225   0.794423699771  1.12351273762   1.22773849695   1.0             7.20502825747e-05 
0.0176760961712 122.84286196    2.18790929557   1.0262288664    0.504582207082  41.3366772554   0.797764806981  1.12825826859   1.22910334809   1.0             7.2242290847e-05 
0.017707834476  122.979967592   2.19196461553   1.02623884659   0.504621295919  41.3244665777   0.801104139296  1.1330016344    1.23045861303   1.0             7.22712029767e-05 
0.0177395978638 123.116128113   2.19600335649   1.02624891978   0.504660545173  41.3124733934   0.80444163401   1.13774273667   1.23180471927   1.0             7.23136370747e-05 
0.0177713858972 123.25138575    2.20002574379   1.02625908669   0.504699954012  41.3007060778   0.807777225675  1.14248147349   1.23314207623   1.0             7.23689703558e-05 
0.0178031981344 123.385780889   2.2040319949    1.02626934809   0.504739521596  41.2891723989   0.811110846906  1.14721774049   1.23447107576   1.0             7.24366040533e-05 
0.0178350341294 123.51935214    2.20802231964   1.02627970472   0.504779247085  41.2778795385   0.814442429011  1.15195143171   1.23579209259   1.0             7.25159623209e-05 
0.0178668934334 123.652136392   2.21199692141   1.02629015733   0.504819129631  41.2668341137   0.817771902502  1.15668244031   1.2371054849    1.0             7.26064911989e-05 
0.017898775595  123.784168871   2.21595599699   1.0263007067    0.504859168383  41.2560421976   0.82109919753   1.16141065915   1.23841159479   1.0             7.27076576416e-05 
0.017930680161  123.915483199   2.21989973625   1.02631135358   0.504899362488  41.24550934     0.824424244197  1.16613598122   1.23971074887   1.0             7.2818948601e-05 
0.017962606677  124.04611145    2.22382832477   1.02632209874   0.50493971109   41.2352405876   0.827746972869  1.1708583001    1.24100325871   1.0             7.29398701653e-05 
0.0179945546882 124.176084204   2.22774194383   1.02633294296   0.504980213329  41.2252405044   0.831067314401  1.17557751024   1.24228942141   1.0             7.30699467466e-05 
0.0180265237396 124.305430603   2.23164076704   1.02634388701   0.505020868346  41.215513191    0.834385200353  1.18029350728   1.24356952012   1.0             7.32087203169e-05 
0.0180585120275 124.434187469   2.23552479564   1.02635493122   0.505061673557  41.206062304    0.837700563161  1.18500618829   1.24484384374   1.0             7.33557433918e-05 
0.0180905162101 124.562386114   2.23939383902   1.02636607536   0.505102624387  41.196891481    0.841013196676  1.18971525352   1.24611261828   1.0             7.35105758861e-05 
0.0181225358368 124.690020916   2.24324805668   1.02637732019   0.505143719932  41.188004377    0.844322737786  1.19442018021   1.24737593559   1.0             7.36728056112e-05 
0.0181545704591 124.817116197   2.24708760434   1.02638866648   0.505184959283  41.1794033623   0.84762912449   1.19912087379   1.24863403116   1.0             7.38420354427e-05 
0.0181866196308 124.943694881   2.25091263039   1.02640011499   0.505226341533  41.1710903817   0.850932296065  1.20381724172   1.24988712788   1.0             7.40178829017e-05 
0.018218682909  125.06977874    2.25472327938   1.0264116665    0.505267865776  41.1630670267   0.854232193278  1.20850919377   1.25113543752   1.0             7.4199979596e-05 
0.0182507598537 125.195388434   2.25851969124   1.02642332178   0.505309531111  41.1553345524   0.857528758444  1.21319664209   1.25237916115   1.0             7.43879706934e-05 
0.018282850029  125.320543557   2.26230200006   1.02643508164   0.505351336636  41.1478938939   0.860821935513  1.2178795014    1.25361848964   1.0             7.45815144253e-05 
0.0183149530032 125.445262686   2.26607033449   1.02644694686   0.505393281454  41.1407456832   0.864111670143  1.22256706892   1.25485360413   1.0             7.47802816157e-05 
0.0183470683489 125.569563418   2.26982481866   1.02645891824   0.505435364672  41.1338902646   0.86739790975   1.22725063512   1.25608467646   1.0             7.49839552368e-05 
0.0183791956436 125.693462421   2.27356557274   1.02647099659   0.505477585399  41.1273277109   0.87068060357   1.23192908684   1.25731186962   1.0             7.51922299861e-05 
0.0184113344699 125.816975467   2.27729271247   1.02648318273   0.505519942747  41.121057838    0.873959702708  1.23660235189   1.25853533819   1.0             7.54048118867e-05 
0.018443484416  125.940117478   2.28100634805   1.02649547748   0.505562435836  41.1150802197   0.877235160195  1.24127036147   1.25975522876   1.0             7.56214179074e-05 
0.0184756450755 126.062902561   2.28470658431   1.02650788166   0.505605063788  41.1093942021   0.880506931034  1.24593305018   1.26097168034   1.0             7.58417756013e-05 
0.018507816048  126.185344049   2.2883935217    1.02652039611   0.505647825733  41.1039989171   0.88377497223   1.25059035611   1.26218482474   1.0             7.60656227624e-05 
0.0185399969393 126.307454533   2.29206725697   1.02653302168   0.505690720805  41.0988932956   0.887039242851  1.25524222093   1.26339478697   1.0             7.62927070981e-05 
0.0185721873614 126.429245902   2.29572788326   1.02654575923   0.505733748143  41.0940760811   0.890299704055  1.25988858992   1.26460168561   1.0             7.65227859174e-05 
0.0186043869329 126.550729375   2.29937549023   1.0265586096    0.505776906892  41.0895458416   0.893556319135  1.26452941202   1.2658056332    1.0             7.67556258326e-05 
0.018636595279  126.671915534   2.30301016407   1.02657157368   0.505820196204  41.085300982    0.896809053589  1.26916463996   1.26700673654   1.0             7.69910024748e-05 
0.0186688120316 126.792814355   2.30663198767   1.02658465235   0.505863615234  41.0813397554   0.90005787512   1.27379423023   1.26820509707   1.0             7.72287002206e-05 
0.0187010368296 126.913435244   2.31024104072   1.02659784648   0.505907163148  41.0776602751   0.90330275371   1.27841814319   1.26940081116   1.0             7.74685119315e-05 
0.018733269319  127.033787059   2.31383739976   1.02661115698   0.505950839113  41.0742605246   0.906543661664  1.28303634314   1.27059397048   1.0             7.77102387021e-05 
0.0187655091526 127.153878145   2.31742113816   1.02662458475   0.505994642307  41.0711383687   0.909780573664  1.28764879834   1.27178466222   1.0             7.79536896197e-05 
0.0187977559906 127.273716361   2.32099232612   1.02663813071   0.506038571912  41.0682915632   0.913013466808  1.29225548111   1.27297296944   1.0             7.81986815319e-05 
0.0188300095004 127.393309104   2.32455103094   1.02665179578   0.506082627118  41.0657177647   0.916242320678  1.29685636783   1.27415897132   1.0             7.8445038823e-05 
0.0188622693565 127.512663336   2.32809731718   1.02666558091   0.506126807122  41.0634145398   0.919467117414  1.30145143907   1.27534274341   1.0             7.86925931978e-05 
0.0188945352409 127.63178561    2.33163124701   1.02667948703   0.506171111127  41.0613793737   0.922687841744  1.30604067956   1.27652435788   1.0             7.89411834735e-05 
0.0189268068427 127.750682092   2.33515288036   1.02669351511   0.506215538345  41.0596096792   0.925904481104  1.31062407832   1.27770388376   1.0             7.91906553775e-05 
0.0189590838585 127.869358587   2.3386622752    1.02670766611   0.506260087991  41.0581028041   0.929117025657  1.3152016286    1.27888138713   1.0             7.94408613515e-05 
0.018991365992  127.987820557   2.34215948775   1.02672194101   0.50630475929   41.0568560393   0.932325468408  1.31977332799   1.28005693131   1.0             7.96916603619e-05 
0.0190236529542 128.106073146   2.34564457253   1.02673634079   0.506349551473  41.0558666256   0.93552980527   1.3243391784    1.28123057703   1.0             7.99429177151e-05 
0.0190559444634 128.224121196   2.34911758231   1.02675086647   0.506394463778  41.0551317607   0.938730035136  1.328899186     1.28240238259   1.0             8.01945048781e-05 
0.019088240245  128.34196927    2.35257856791   1.02676551904   0.506439495449  41.0546486052   0.941926159957  1.33345336123   1.28357240394   1.0             8.04462993036e-05 
0.0191205400317 128.459621671   2.35602757808   1.02678029954   0.506484645737  41.0544142887   0.945118184818  1.33800171868   1.28474069479   1.0             8.06981842593e-05 
0.019152843563  128.577082454   2.35946465953   1.026795209     0.506529913902  41.0544259148   0.948306117995  1.34254427697   1.28590730667   1.0             8.09340836901e-05 
0.0191851505857 128.69435545    2.36288985721   1.02681024847   0.506575299211  41.0546805658   0.951489970979  1.34708105847   1.28707228886   1.0             8.10039298462e-05 
0.0192174608533 128.811444276   2.36630321465   1.02682541901   0.506620800936  41.0551753072   0.954669758506  1.35161208904   1.2882356884    1.0             8.1078886843e-05 
0.0192497741262 128.928352356   2.36970477421   1.02684072169   0.506666418358  41.0559071906   0.957845498517  1.35613739758   1.28939754998   1.0             8.11587107896e-05 
0.0192820901716 129.04508293    2.37309457735   1.02685615759   0.506712150765  41.0568732568   0.961017212099  1.36065701542   1.29055791573   1.0             8.12431668927e-05 
0.0193144087633 129.161639073   2.37647266477   1.02687172782   0.506757997449  41.058070538    0.964184923303  1.36517097554   1.29171682493   1.0             8.13320291498e-05 
0.0193467296817 129.278023703   2.37983907609   1.02688743348   0.506803957713  41.0594960583   0.967348658912  1.36967931155   1.29287431367   1.0             8.14250800541e-05 
0.0193790527135 129.394239598   2.38319384854   1.0269032757    0.506850030865  41.061146834    0.97050844806   1.37418205635   1.29403041435   1.0             8.15221103128e-05 
0.019411377652  129.510289406   2.38653701711   1.02691925563   0.50689621622   41.0630198728   0.973664321655  1.37867924037   1.29518515499   1.0             8.16229185759e-05 
0.0194437042965 129.626175655   2.38986861848   1.02693537441   0.506942513102  41.0651121712   0.976816311634  1.38317088942   1.29633855844   1.0             8.17273111759e-05 
0.0194760324523 129.741900767   2.3931886919    1.02695163321   0.506988920841  41.0674207109   0.979964449878  1.38765702192   1.29749064137   1.0             8.18351018775e-05 
0.0195083619311 129.857467064   2.39649727601   1.02696803321   0.507035438776  41.0699424533   0.983108766836  1.39213764545   1.298641413     1.0             8.19461116373e-05 
0.01954069255   129.97287678    2.39979440825   1.02698457561   0.507082066255  41.0726743332   0.986249289658  1.39661275255   1.29979087363   1.0             8.20601683714e-05 
0.019573024132  130.088132071   2.40308012538   1.02700126162   0.507128802635  41.07561325     0.989386039845  1.40108231549   1.30093901284   1.0             8.21771067321e-05 
0.0196053565058 130.203235017   2.40635446383   1.02701809247   0.507175647284  41.0787560579   0.992519030251  1.40554628015   1.30208580749   1.0             8.22967678913e-05 
0.0196376895055 130.318187639   2.4096174599    1.02703506941   0.50722259958   41.0820995562   0.995648261335  1.41000455857   1.30323121943   1.0             8.24189993326e-05 
0.0196700229705 130.432991907   2.41286914986   1.02705219368   0.507269658914  41.0856404845   0.998773716592  1.41445702042   1.30437519334   1.0             8.25436546484e-05 
0.0197023567455 130.547649805   2.41610957      1.02706946658   0.507316824692  41.0893755275   1.00189535716   1.41890348338   1.30551765421   1.0             8.26705933448e-05 
0.0197346906803 130.662163326   2.41933875665   1.02708688939   0.507364096334  41.0933012708   1.00501311551   1.42334370258   1.30665850396   1.0             8.27996806505e-05 
0.0197670246294 130.776534376   2.42255674614   1.02710446343   0.507411473278  41.0974141325   1.00812688812   1.42777735906   1.30779761836   1.0             8.2930787332e-05 
0.0197993584524 130.890764775   2.42576357464   1.02712219003   0.507458954981  41.1017103781   1.01123652732   1.43220404826   1.30893484533   1.0             8.30637895129e-05 
0.019831692013  131.004856342   2.42895927804   1.02714007054   0.507506540923  41.1061861684   1.01434183311   1.43662326956   1.31007000417   1.0             8.31985684983e-05 
0.0198640251796 131.118810935   2.43214389175   1.02715810632   0.507554230606  41.1108375688   1.01744254515   1.44103441829   1.31120288603   1.0             8.33350106032e-05 
0.0198963578248 131.232630448   2.43531745038   1.02717629877   0.50760202356   41.115660559    1.02053833612   1.44543678191   1.31233325625   1.0             8.34730069841e-05 
0.0199286898251 131.346316822   2.43847998743   1.0271946493    0.507649919343  41.120651065    1.02362880724   1.4498295425    1.3134608593    1.0             8.36124534748e-05 
0.0199610210611 131.459872056   2.44163153489   1.02721315934   0.507697917542  41.1258050139   1.02671348788   1.4542117881    1.31458542688   1.0             8.37532504246e-05 
0.0199933514167 131.573298222   2.44477212273   1.02723183035   0.507746017774  41.1311184135   1.02979184051   1.45858253527   1.31570668987   1.0             8.38953025405e-05 
0.0200256807793 131.68659748    2.44790177846   1.02725066379   0.507794219685  41.1365874558   1.0328632728    1.46294076448   1.31682439435   1.0             8.40385187324e-05 
0.0200580090393 131.799772092   2.45102052666   1.02726966116   0.50784252295   41.1422086398   1.03592715782   1.46728546884   1.31793832145   1.0             8.41828119622e-05 
0.0200903360898 131.912824435   2.45412838852   1.02728882398   0.507890927267  41.1479789041   1.03898286264   1.47161571467   1.31904830899   1.0             8.43280990975e-05 
0.0201226618267 132.025757003   2.45722538161   1.02730815379   0.50793943235   41.1538957549   1.04202978422   1.47593070976   1.32015427276   1.0             8.44743007695e-05 
0.0201549861481 132.138572411   2.46031151973   1.02732765214   0.507988037926  41.1599573731   1.04506738982   1.48022987265   1.32125622479   1.0             8.46213412376e-05 
0.0201873089541 132.251273385   2.46338681301   1.0273473206    0.508036743724  41.1661626831   1.0480952579    1.48451289434   1.32235428626   1.0             8.47691482585e-05 
0.0202196301469 132.363862749   2.46645126828   1.02736716077   0.508085549463  41.1725113692   1.05111311419   1.48877978325   1.32344869271   1.0             8.49176529633e-05 
0.0202519496303 132.476343405   2.46950488964   1.02738717426   0.508134454848  41.1790038275   1.05412085775   1.49303088514   1.32453978933   1.0             8.50667897395e-05 
0.0202842673101 132.588718305   2.4725476793    1.02740736268   0.508183459557  41.1856410548   1.05711857267   1.49726687342   1.32562801525   1.0             8.52164961193e-05 
0.0203165830936 132.700990425   2.47557963852   1.02742772767   0.508232563234  41.1924244847   1.06010652336   1.50148870958   1.32671387885   1.0             8.53667126734e-05 
0.0203488968897 132.813162737   2.47860076859   1.02744827088   0.508281765486  41.1993557925   1.06308513403   1.50569757878   1.32779792745   1.0             8.55173829074e-05 
0.0203812086094 132.925238188   2.48161107186   1.02746899399   0.508331065881  41.2064366936   1.06605495535   1.50989480919   1.32888071555   1.0             8.56684531621e-05 
0.0204135181652 133.037219673   2.48461055255   1.02748989865   0.508380463944  41.213668759    1.06901662329   1.51408178595   1.32996277551   1.0             8.58198725147e-05 
0.0204458254714 133.149110026   2.48759921747   1.02751098657   0.508429959165  41.221053267    1.07197081565   1.5182598701    1.33104459351   1.0             8.59715926803e-05 
0.0204781304444 133.260912011   2.49057707646   1.02753225946   0.508479551     41.2285911003   1.07491821144   1.52243033058   1.33212659183   1.0             8.6123567914e-05 
0.0205104330022 133.372628314   2.4935441426    1.02755371904   0.508529238877  41.236282691    1.07785945667   1.52660961971   1.33320911784   1.0             8.62757549125e-05 
0.0205427330649 133.484261548   2.4965004323    1.02757536706   0.508579022205  41.2441280129   1.0807951391    1.53078564629   1.33429244079   1.0             8.64281127157e-05 
0.0205750305544 133.595814251   2.49944596511   1.02759720528   0.508628900376  41.2521266098   1.08372577197   1.5349562581    1.33537675525   1.0             8.65806026088e-05 
0.0206073253942 133.707288899   2.50238076355   1.02761923549   0.508678872772  41.2602776479   1.08665178641   1.53912202745   1.3364621891    1.0             8.67331880251e-05 
0.0206396175097 133.818687908   2.50530485268   1.0276414595    0.508728938773  41.2685799818   1.0895735308    1.54328338394   1.337548814     1.0             8.68858344497e-05 
0.0206719068279 133.930013646   2.50821825981   1.02766387914   0.508779097758  41.2770322206   1.09249127512   1.54744062853   1.33863665502   1.0             8.70385093254e-05 
0.0207041932775 134.041268438   2.51112101407   1.02768649626   0.50882934911   41.28563279     1.09540521863   1.5515939512    1.33972569708   1.0             8.71911819608e-05 
0.0207364767883 134.152454578   2.51401314611   1.02770931274   0.508879692217  41.2943800033   1.09831549981   1.55574345077   1.34081589701   1.0             8.73438234404e-05 
0.0207687572919 134.263574333   2.51689468774   1.02773233048   0.508930126478  41.3032721143   1.10122220652   1.5598891534    1.34190719636   1.0             8.74964065379e-05 
0.0208010347208 134.37462995    2.51976567159   1.02775555142   0.508980651299  41.3123073572   1.10412538584   1.56403102971   1.34299953288   1.0             8.76489056319e-05 
0.020833309009  134.485623664   2.52262613098   1.02777897751   0.509031266096  41.3214839111   1.10702505123   1.56816900712   1.34409281118   1.0             8.78012966247e-05 
0.0208655800913 134.5965577     2.52547609965   1.02780261073   0.509081970298  41.330800044    1.10992119141   1.57230298355   1.34518695014   1.0             8.79535568637e-05 
0.0208978479037 134.707434278   2.52831561163   1.02782645308   0.509132763342  41.3402540757   1.1128137783    1.57643283946   1.34628187509   1.0             8.81056650658e-05 
0.0209301123829 134.818255619   2.53114470102   1.02785050659   0.509183644675  41.3498443882   1.1157027713    1.58055844402   1.34737751353   1.0             8.82576012443e-05 
0.0209623734668 134.92902394    2.533963402     1.02787477333   0.509234613756  41.35956943     1.11858812177   1.5846796615    1.34847379636   1.0             8.84093466388e-05 
0.020994629746  135.039654419   2.53677365064   1.02789926566   0.509285656782  41.371034826    1.12183115878   1.58986259034   1.34978341458   1.0             8.85608741024e-05 
0.0210268825265 135.150242733   2.5395753394    1.02792398701   0.509336775617  41.3810079414   1.12476003558   1.59403783661   1.35087518439   1.0             8.8712178343e-05 
0.0210591317593 135.260739136   2.54236644779   1.02794892848   0.509387980999  41.3910943181   1.12768384511   1.59820597521   1.35196601069   1.0             8.88632481985e-05 
0.0210913773846 135.371187664   2.54514720402   1.02797409212   0.509439272331  41.4013048817   1.13060272522   1.60236718497   1.35305613579   1.0             8.90140654876e-05 
0.0211236193434 135.481590416   2.54791762382   1.02799948016   0.509490649175  41.4116388124   1.13351674324   1.6065215326    1.35414558763   1.0             8.91646167483e-05 
0.021155857577  135.591949838   2.55067775625   1.02802509483   0.509542111079  41.4220953963   1.13642595623   1.61066907244   1.35523439414   1.0             8.93148892811e-05 
0.0211880920269 135.702268362   2.55342764264   1.02805093838   0.509593657598  41.432673926    1.13933041319   1.61480984953   1.35632258192   1.0             8.94648711692e-05 
0.0212203226353 135.812548414   2.5561673244    1.0280770131    0.509645288282  41.4433737124   1.14223015627   1.61894390117   1.35741017659   1.0             8.96145512787e-05 
0.0212525493445 135.922792419   2.5588968418    1.02810332129   0.509697002688  41.4541940833   1.14512522165   1.623071258     1.35849720311   1.0             8.97639191884e-05 
0.0212847720972 136.033002795   2.56161623434   1.0281298653    0.509748800369  41.4651343838   1.1480156403    1.62719194495   1.35958368595   1.0             8.99129651452e-05 
0.0213169908363 136.143181957   2.56432554087   1.02815664749   0.509800680882  41.4761939767   1.15090143853   1.63130598198   1.36066964928   1.0             9.00616800159e-05 
0.021349205505  136.25333231    2.56702479963   1.02818367023   0.509852643784  41.4873722417   1.15378263854   1.6354133847    1.36175511709   1.0             9.01441383024e-05 
0.0213814160465 136.363456251   2.56971404842   1.02821093597   0.509904688631  41.4986685754   1.15665925881   1.63951416492   1.36284011333   1.0             9.01756577723e-05 
0.0214136224042 136.473556165   2.5723933246    1.02823844712   0.509956814983  41.5100823907   1.15953131446   1.64360833107   1.36392466201   1.0             9.02090110813e-05 
0.0214458245219 136.583634426   2.57506266519   1.02826620618   0.510009022398  41.5216131168   1.16239881755   1.64769588856   1.36500878728   1.0             9.02441458451e-05 
0.0214780223431 136.693693395   2.5777221069    1.02829421563   0.510061310435  41.533260198    1.16526177734   1.65177684015   1.36609251358   1.0             9.02810113657e-05 
0.0215102143318 136.803808763   2.58036640623   1.02832247596   0.510113661947  41.548897617    1.16811828833   1.65584863138   1.36861981085   1.0             9.03195527846e-05 
0.0215424019105 136.913830649   2.58299636986   1.02835099098   0.510166078253  41.5607850207   1.17097168718   1.6599156564    1.36971049884   1.0             9.03597257868e-05 
0.0215745850274 137.023791325   2.58561723872   1.02837976402   0.510218573033  41.5727826245   1.17382036959   1.66397580788   1.37080060667   1.0             9.04014886768e-05 
0.0216067636302 137.133736361   2.58822851788   1.0284087977    0.510271146273  41.5848928984   1.17666451725   1.66802933619   1.37189038459   1.0             9.04447957154e-05 
0.0216389376646 137.243670224   2.59083029227   1.02843809467   0.510323797512  41.5971158413   1.17950412877   1.67207623514   1.37297987052   1.0             9.04896036644e-05 
0.0216711070768 137.353595159   2.5934225728    1.02846765759   0.510376526327  41.6094509968   1.18233920096   1.67611649708   1.37406909261   1.0             9.05358704922e-05 
0.0217032718123 137.463513521   2.5960053839    1.02849748917   0.510429332291  41.6218979466   1.18516972928   1.68015011355   1.37515808019   1.0             9.05835554184e-05 
0.0217354318169 137.573427635   2.59857874925   1.02852759213   0.510482214979  41.6344562811   1.18799570786   1.68417707527   1.37624686302   1.0             9.06326188443e-05 
0.021767587036  137.6833398     2.60114269406   1.02855796923   0.510535173962  41.6471255996   1.1908171297    1.68819737239   1.37733547136   1.0             9.06830223013e-05 
0.0217997374147 137.793252294   2.60369724442   1.02858862325   0.510588208812  41.6599055104   1.19363398682   1.69221099462   1.37842393587   1.0             9.07347283997e-05 
0.0218318828982 137.903167365   2.60624242731   1.02861955702   0.510641319103  41.6727956288   1.19644627041   1.69621793145   1.37951228757   1.0             9.07877007799e-05 
0.0218640234311 138.013087233   2.60877827044   1.02865077338   0.510694504406  41.6857955771   1.19925397102   1.70021817231   1.38060055787   1.0             9.08419040663e-05 
0.021896158958  138.123014088   2.61130480211   1.02868227521   0.510747764291  41.698904983    1.20205707871   1.70421170678   1.38168877839   1.0             9.08973038232e-05 
0.0219282894234 138.232950091   2.61382205123   1.02871406541   0.510801098329  41.7121234787   1.20485558323   1.70819852474   1.38277698071   1.0             9.09538665128e-05 
0.0219604147713 138.342897368   2.61633004712   1.02874614692   0.510854506091  41.7254507001   1.20764947402   1.71217861632   1.38386519615   1.0             9.10115594557e-05 
0.0219925349457 138.452858011   2.61882881954   1.02877852271   0.510907987147  41.7388862878   1.21043874042   1.71615197217   1.3849534574    1.0             9.10703507928e-05 
0.0220246498902 138.562834079   2.62131839859   1.02881119577   0.510961541065  41.7524298842   1.21322337218   1.72011858403   1.38604179729   1.0             9.11302094503e-05 
0.0220567595483 138.672827592   2.62379881466   1.02884416913   0.511015167417  41.7660811316   1.21600335934   1.72407844456   1.38713024759   1.0             9.11911051054e-05 
0.0220888638633 138.782840533   2.6262700984    1.02887744586   0.51106886577   41.7798396726   1.2187786923    1.72803154729   1.38821883991   1.0             9.12530081549e-05 
0.0221209627783 138.892874848   2.62873228066   1.02891102903   0.511122635693  41.7937051496   1.22154936199   1.7319778869    1.38930760571   1.0             9.13158896851e-05 
0.0221530562361 139.002932441   2.6311853925    1.02894492177   0.511176476754  41.8076772034   1.22431536003   1.73591745924   1.39039657618   1.0             9.13797214439e-05 
0.0221851441796 139.113015175   2.63362946509   1.02897912723   0.511230388522  41.821755473    1.22707667884   1.73985026149   1.39148578214   1.0             9.14444758138e-05 
0.0222172265512 139.223124873   2.63606452977   1.02901364859   0.511284370565  41.8359395943   1.22983331167   1.74377629215   1.39257525396   1.0             9.1510125787e-05 
0.0222493032935 139.333263315   2.63849061794   1.02904848906   0.511338422449  41.8502291994   1.23258525279   1.74769555116   1.39366502151   1.0             9.15766449422e-05 
0.0222813743486 139.443432235   2.64090776111   1.0290836519    0.511392543744  41.8646239163   1.2353324975    1.7516080399    1.39475511406   1.0             9.16440074219e-05 
0.0223134396588 139.553633325   2.64331599082   1.02911914037   0.511446734016  41.8791233679   1.23807504219   1.75551376124   1.39584556027   1.0             9.17121879121e-05 
0.0223454991662 139.663868231   2.64571533867   1.02915495778   0.511500992832  41.8937271712   1.24081288443   1.75941271951   1.39693638807   1.0             9.17811616222e-05 
0.0223775528127 139.774138555   2.64810583631   1.02919110747   0.511555319762  41.9084349372   1.243546023     1.76330492057   1.39802762466   1.0             9.18509042665e-05 
0.0224096005404 139.884445849   2.65048751537   1.02922759281   0.511609714371  41.9232462698   1.24627445789   1.76719037177   1.39911929642   1.0             9.19213920469e-05 
0.0224416422912 139.994791622   2.6528604075    1.0292644172    0.511664176228  41.9381607656   1.24899819038   1.77106908191   1.40021142891   1.0             9.19926016358e-05 
0.022473678007  140.105177333   2.65522454437   1.02930158407   0.5117187049    41.9531780133   1.25171722297   1.77494106124   1.40130404677   1.0             9.20645101605e-05 
0.0225057076297 140.215604394   2.6575799576    1.02933909689   0.511773299956  41.968297593    1.25443155943   1.77880632141   1.40239717373   1.0             9.21370951882e-05 
0.0225377311013 140.326074171   2.65992667883   1.02937695916   0.511827960963  41.9835190764   1.2571412048    1.78266487542   1.40349083257   1.0             9.22103347115e-05 
0.0225697483638 140.43658798    2.66226473965   1.02941517441   0.511882687491  41.9988420258   1.25984616532   1.78651673756   1.40458504504   1.0             9.22842071343e-05 
0.0226017593592 140.547147086   2.66459417162   1.02945374618   0.511937479109  42.0142659939   1.26254644842   1.79036192337   1.40567983192   1.0             9.23586912593e-05 
0.0226337640298 140.657752711   2.66691500629   1.02949267808   0.511992335385  42.0297905238   1.26524206271   1.79420044955   1.40677521295   1.0             9.24337662747e-05 
0.0226657623178 140.768406023   2.66922727513   1.02953197372   0.512047255891  42.0454151483   1.26793301792   1.79803233391   1.40787120682   1.0             9.25094117422e-05 
0.0226977541657 140.879108144   2.67153100959   1.02957163677   0.512102240196  42.0611393903   1.27061932483   1.80185759527   1.40896783118   1.0             9.25856075851e-05 
0.0227297395161 140.989860148   2.67382624108   1.0296116709    0.512157287872  42.0769627617   1.27330099527   1.80567625343   1.41006510263   1.0             9.2662334077e-05 
0.0227617183118 141.100663058   2.67611300092   1.02965207984   0.512212398491  42.0928847643   1.275978042     1.80948832904   1.41116303672   1.0             9.27395718307e-05 
0.0227936904957 141.21151785    2.67839132041   1.02969286733   0.512267571624  42.1089048889   1.27865047871   1.81329384355   1.41226164794   1.0             9.28173017876e-05 
0.0228256560111 141.322425451   2.68066123075   1.02973403715   0.512322806846  42.1250226156   1.28131831993   1.81709281914   1.4133609498    1.0             9.28955052075e-05 
0.0228576148016 141.433386742   2.68292276309   1.02977559312   0.512378103731  42.1412374138   1.28398158099   1.82088527864   1.41446095476   1.0             9.29741636584e-05 
0.0228895668108 141.544402555   2.68517594851   1.02981753907   0.512433461854  42.1575487418   1.28664027792   1.82467124544   1.41556167428   1.0             9.30532590075e-05 
0.022921511983  141.655473673   2.68742081799   1.02985987889   0.51248888079   42.1739560474   1.28929442742   1.82845074344   1.41666311885   1.0             9.31327734115e-05 
0.0229534502623 141.766600836   2.68965740246   1.02990261647   0.512544360118  42.1904587675   1.29194404681   1.83222379696   1.417765298     1.0             9.32126893077e-05 
0.0229853815937 141.877784734   2.69188573274   1.02994575576   0.512599899415  42.2070563285   1.29458915394   1.83599043069   1.41886822034   1.0             9.32929894064e-05 
0.0230173059222 141.989026015   2.69410583957   1.02998930072   0.512655498261  42.2237481461   1.29722976713   1.83975066961   1.41997189354   1.0             9.3373656682e-05 
0.0230492231933 142.100325277   2.69631775362   1.03003325534   0.512711156237  42.2405336257   1.29986590513   1.84350453897   1.42107632442   1.0             9.34546743657e-05 
0.0230811333529 142.211683078   2.69852150546   1.03007762366   0.512766872923  42.2574121626   1.30249758707   1.84725206416   1.42218151892   1.0             9.35360259387e-05 
0.0231130363473 142.32309993    2.7007171256    1.03012240973   0.512822647903  42.2743831419   1.3051248324    1.85099327074   1.42328748219   1.0             9.3617695125e-05 
0.0231449321233 142.434576301   2.70290464445   1.03016761764   0.512878480762  42.291445939    1.30774766083   1.85472818433   1.42439421856   1.0             9.36996658852e-05 
0.0231768206282 142.546112618   2.70508409235   1.03021325152   0.512934371086  42.3085999196   1.31036609229   1.85845683058   1.42550173162   1.0             9.3781922411e-05 
0.0232087018096 142.657709265   2.70725549959   1.0302593155    0.512990318461  42.3258444404   1.31298014689   1.86217923516   1.42661002422   1.0             9.38644491197e-05 
0.0232405756158 142.769366588   2.70941889638   1.03030581377   0.513046322476  42.3431788489   1.31558984488   1.86589542369   1.42771909854   1.0             9.39472306491e-05 
0.0232724419955 142.881084889   2.71157431287   1.03035275053   0.513102382721  42.3606024838   1.31819520659   1.86960542169   1.42882895611   1.0             9.40302518536e-05 
0.0233043008979 142.992864434   2.71372177915   1.03040013002   0.513158498788  42.3781146757   1.32079625241   1.87330925459   1.4299395978    1.0             9.41134977998e-05 
0.023336152273  143.10470545    2.71586132529   1.03044795651   0.51321467027   42.395714747    1.32339300278   1.87700694768   1.43105102396   1.0             9.41969537636e-05 
0.023367996071  143.216608126   2.71799298127   1.03049623429   0.513270896761  42.4134020122   1.32598547811   1.8806985261    1.43216323438   1.0             9.42806052267e-05 
0.023399832243  143.328572616   2.72011677707   1.03054496769   0.51332717786   42.4311757785   1.32857369878   1.88438401476   1.43327622834   1.0             9.43644378747e-05 
0.0234316607404 143.440599036   2.72223274261   1.03059416105   0.513383513162  42.449035346    1.33115768513   1.88806343844   1.43439000471   1.0             9.44484375945e-05 
0.0234634815156 143.55268747    2.72434090777   1.03064381876   0.513439902269  42.4669800082   1.33373745738   1.89173682163   1.43550456192   1.0             9.45325904729e-05 
0.0234952945212 143.664837967   2.72644130243   1.03069394523   0.513496344781  42.4850090518   1.33631303569   1.89540418862   1.43661989808   1.0             9.46168827955e-05 
0.0235270997107 143.777050543   2.72853395641   1.03074454488   0.513552840302  42.5031217577   1.33888444006   1.89906556344   1.43773601095   1.0             9.47013010457e-05 
0.0235588970381 143.889325185   2.73061889952   1.03079562219   0.513609388437  42.5213174012   1.34145169037   1.90272096988   1.4388528981    1.0             9.47858319043e-05 
0.0235906864581 144.001661844   2.73269616156   1.03084718164   0.513665988793  42.5395952522   1.34401480634   1.90637043143   1.43997055687   1.0             9.48704622494e-05 
0.0236224679263 144.114060446   2.73476577229   1.03089922775   0.513722640978  42.5579545756   1.34657380752   1.91001397135   1.44108898449   1.0             9.49551791564e-05 
0.0236542413985 144.226520887   2.73682776147   1.03095176507   0.513779344602  42.576394632    1.34912871328   1.91365161257   1.4422081781    1.0             9.50399698988e-05 
0.0236860068316 144.339043033   2.73888215883   1.03100479815   0.513836099279  42.5949146779   1.35167954281   1.91728337778   1.44332813486   1.0             9.51248219487e-05 
0.023717764183  144.451626727   2.74092899412   1.0310583316    0.513892904623  42.6135139659   1.35422631509   1.92090928936   1.44444885197   1.0             9.52097229775e-05 
0.0237495134108 144.564271782   2.74296829704   1.03111237004   0.513949760249  42.6321917455   1.35676904891   1.92452936942   1.44557032678   1.0             9.52946608576e-05 
0.0237812544739 144.676977991   2.74500009732   1.03116691811   0.514006665775  42.6509472634   1.35930776283   1.92814363977   1.44669255682   1.0             9.53796236632e-05 
0.0238129873318 144.789745119   2.74702442468   1.03122198049   0.514063620822  42.6697797636   1.36184247521   1.93175212193   1.44781553988   1.0             9.54645996717e-05 
0.0238447119447 144.902572912   2.74904130885   1.03127756186   0.514120625011  42.6886884881   1.3643732042    1.93535483716   1.44893927405   1.0             9.55495773656e-05 
0.0238764282738 145.015461092   2.75105077959   1.03133366696   0.514177677967  42.7076726772   1.36689996772   1.93895180644   1.45006375781   1.0             9.56345454338e-05 
0.0239081362806 145.128409362   2.75305286669   1.03139030052   0.514234779314  42.7267315696   1.36942278346   1.94254305045   1.45118899002   1.0             9.5719492773e-05 
0.0239398359276 145.241417404   2.75504760001   1.03144746731   0.514291928682  42.745864403    1.37194166893   1.94612858962   1.45231497      1.0             9.58044084898e-05 
0.0239715271781 145.354484883   2.75703500951   1.03150517212   0.514349125699  42.7650704142   1.3744566414    1.94970844414   1.45344169754   1.0             9.5889281902e-05 
0.0240032099958 145.467611444   2.75901512525   1.03156341977   0.514406369998  42.7843488394   1.37696771793   1.9532826339    1.45456917286   1.0             9.59085653682e-05 
0.0240348843455 145.580796719   2.7609879775    1.03162221508   0.514463661211  42.8036989145   1.37947491537   1.9568511786    1.45569739667   1.0             9.5900852545e-05 
0.0240665501924 145.694040323   2.76295359671   1.03168156293   0.514520998976  42.8231198751   1.38197825038   1.96041409768   1.45682637008   1.0             9.58944409961e-05 
0.0240982075027 145.807341854   2.76491201361   1.03174146818   0.514578382928  42.842610957    1.38447773942   1.96397141035   1.45795609456   1.0             9.58893033627e-05 
0.0241298562432 145.920700899   2.76686325923   1.03180193573   0.514635812707  42.8621713957   1.38697339876   1.96752313565   1.45908657186   1.0             9.58854127192e-05 
0.0241614963816 146.034117032   2.76880736488   1.03186297052   0.514693287956  42.8818004273   1.38946524449   1.97106929239   1.46021780394   1.0             9.58827425669e-05 
0.0241931278859 146.147589816   2.7707443622    1.03192457748   0.514750808316  42.9014972879   1.39195329254   1.97460989923   1.46134979283   1.0             9.58812668298e-05 
0.0242247507254 146.261118801   2.77267428307   1.03198676157   0.514808373434  42.9212612142   1.39443755865   1.97814497461   1.46248254049   1.0             9.58809598499e-05 
0.0242563648697 146.374703528   2.77459715957   1.03204952777   0.514865982957  42.941091443    1.39691805843   1.98167453686   1.4636160487    1.0             9.58817963821e-05 
0.0242879702893 146.488343531   2.77651302388   1.03211288109   0.514923636533  42.9609872118   1.39939480734   1.98519860415   1.46475031888   1.0             9.58837515903e-05 
0.0243195669554 146.602038333   2.77842190818   1.03217682654   0.514981333815  42.9809477586   1.40186782067   1.98871719452   1.46588535197   1.0             9.58868010431e-05 
0.02435115484   146.715787451   2.7803238446    1.03224136917   0.515039074457  43.0009723219   1.40433711362   1.99223032589   1.46702114823   1.0             9.58909207098e-05 
0.0243827339156 146.829590395   2.78221886514   1.03230651403   0.515096858115  43.0210601413   1.40680270123   1.99573801604   1.46815770718   1.0             9.58960869561e-05 
0.0244143041555 146.94344667    2.78410700166   1.03237226619   0.515154684448  43.0412104572   1.40926459843   1.99924028268   1.4692950274    1.0             9.59022765406e-05 
0.0244458655339 147.057355775   2.78598828587   1.03243863074   0.515212553117  43.061422511    1.41172282003   2.00273714338   1.47043310652   1.0             9.59094666108e-05 
0.0244774180255 147.171317207   2.78786274939   1.03250561279   0.515270463785  43.0816955457   1.41417738073   2.00622861564   1.47157194109   1.0             9.59176346997e-05 
0.0245089616057 147.285330456   2.7897304238    1.03257321746   0.515328416119  43.1020288062   1.41662829512   2.00971471686   1.47271152655   1.0             9.59267587215e-05 
0.0245404962507 147.399395013   2.79159134065   1.0326414499    0.515386409787  43.1224215391   1.41907557765   2.01319546434   1.47385185725   1.0             9.59368169686e-05 
0.0245720219374 147.513510365   2.79344553157   1.03271031525   0.51544444446   43.1428729936   1.42151924269   2.01667087527   1.47499292644   1.0             9.59477881078e-05 
0.0246035386432 147.627675999   2.79529302833   1.03277981869   0.515502519812  43.1633824219   1.42395930448   2.02014096677   1.47613472637   1.0             9.59596511764e-05 
0.0246350463463 147.741891401   2.79713386282   1.0328499654    0.515560635517  43.1839490792   1.42639577714   2.02360575584   1.4772772483    1.0             9.5972385579e-05 
0.0246665450257 147.856156056   2.79896806716   1.03292076058   0.515618791254  43.2045722245   1.42882867468   2.02706525937   1.47842048267   1.0             9.59859710836e-05 
0.0246980346608 147.970469451   2.80079567369   1.03299220943   0.515676986704  43.2252511211   1.43125801099   2.03051949416   1.47956441916   1.0             9.60003878184e-05 
0.024729515232  148.084831075   2.80261671501   1.03306431718   0.515735221547  43.2459850364   1.43368379984   2.03396847689   1.48070904684   1.0             9.60156162677e-05 
0.0247609867199 148.199240418   2.80443122401   1.03313708907   0.51579349547   43.2667732431   1.43610605487   2.03741222412   1.48185435432   1.0             9.60316372685e-05 
0.0247924491062 148.313696971   2.80623923391   1.03321053035   0.515851808158  43.2876150192   1.4385247896    2.04085075229   1.48300032982   1.0             9.60484320067e-05 
0.024823902373  148.428200232   2.8080407782    1.03328464627   0.515910159302  43.308509648    1.44094001741   2.04428407773   1.48414696135   1.0             9.60659820137e-05 
0.024855346503  148.542749697   2.8098358907    1.0333594421    0.515968548591  43.3294564191   1.44335175158   2.04771221663   1.48529423683   1.0             9.60842691623e-05 
0.0248867814795 148.657344872   2.81162460542   1.03343492313   0.516026975721  43.3504546282   1.44576000523   2.05113518505   1.48644214415   1.0             9.61032756631e-05 
0.0249182072867 148.771985262   2.81340695595   1.03351109464   0.516085440385  43.3715035772   1.44816479138   2.05455299895   1.48759067129   1.0             9.61229840606e-05 
0.024949623909  148.88667038    2.81518297269   1.03358796195   0.516143942283  43.3926025751   1.4505661229    2.05796567414   1.48873980642   1.0             9.61433772294e-05 
0.0249810313316 149.001399743   2.81695266494   1.03366553035   0.516202481119  43.4137509374   1.45296401255   2.06137322631   1.48988953792   1.0             9.61644383707e-05 
0.0250124295403 149.116172872   2.81871597204   1.03374380516   0.516261056616  43.4349479865   1.45535847297   2.06477567105   1.49103985443   1.0             9.61861510074e-05 
0.0250438185215 149.230989296   2.82047304076   1.03382279172   0.516319668454  43.4561930516   1.45774951673   2.06817302385   1.49219074484   1.0             9.62084989814e-05 
0.0250751982619 149.345848549   2.82222404859   1.03390249535   0.51637831631   43.4774854696   1.46013715612   2.07156529995   1.49334219868   1.0             9.62314664486e-05 
0.025106568749  149.460750171   2.82396895921   1.03398292139   0.516436999905  43.4988245847   1.46252140335   2.07495251445   1.4944942059    1.0             9.62550378754e-05 
0.0251379299707 149.57569371    2.82570777262   1.0340640752    0.516495718958  43.5202097478   1.46490227061   2.07833468248   1.49564675654   1.0             9.62791980346e-05 
0.0251692819157 149.690678721   2.82744051441   1.03414596213   0.516554473183  43.5416403172   1.46727976996   2.08171181906   1.49679984108   1.0             9.6303932001e-05 
0.0252006245727 149.805704764   2.82916721605   1.03422858753   0.516613262295  43.5631156584   1.46965391334   2.08508393903   1.49795345039   1.0             9.63292251477e-05 
0.0252319579315 149.920771406   2.83088791209   1.03431195677   0.516672086011  43.5846351441   1.47202471257   2.08845105714   1.49910757575   1.0             9.63550631417e-05 
0.0252632819819 150.035878223   2.8326026384    1.03439607522   0.51673094405   43.6061981544   1.47439217935   2.09181318804   1.50026220878   1.0             9.63814319398e-05 
0.0252945967144 150.151024796   2.83431143161   1.03448094826   0.516789836133  43.6278040765   1.47675632531   2.09517034625   1.50141734147   1.0             9.64083177844e-05 
0.0253259021201 150.266210717   2.8360143288    1.03456658124   0.516848761982  43.6494523048   1.47911716194   2.09852254622   1.50257296611   1.0             9.64357071993e-05 
0.0253571981902 150.381435582   2.83771136736   1.03465297957   0.516907721321  43.6711422411   1.48147470067   2.10186980228   1.50372907532   1.0             9.64635869854e-05 
0.0253884849168 150.496698998   2.83940258488   1.03474014861   0.516966713878  43.692873294    1.4838289528    2.10521212866   1.50488566199   1.0             9.64919442164e-05 
0.0254197622922 150.612000576   2.84108801907   1.03482809376   0.51702573938   43.7146448795   1.48617992957   2.10854953952   1.50604271929   1.0             9.65207662346e-05 
0.0254510303089 150.727339937   2.84276770781   1.03491682039   0.517084797559  43.7364564206   1.48852764209   2.11188204889   1.50720024065   1.0             9.65500406465e-05 
0.0254822889604 150.842716712   2.84444168902   1.0350063339    0.517143888147  43.7583073472   1.49087210141   2.11520967075   1.5083582197    1.0             9.65797553187e-05 
0.02551353824   150.958130535   2.8461100008    1.03509663966   0.517203010879  43.7801970964   1.49321331849   2.11853241896   1.50951665034   1.0             9.66098983732e-05 
0.0255447781419 151.073581051   2.84777268141   1.03518774308   0.517262165492  43.802125112    1.49555130418   2.12185030732   1.51067552662   1.0             9.66404581836e-05 
0.0255760086603 151.189067913   2.84942976944   1.03527964953   0.517321351723  43.824090845    1.49788606927   2.12516334951   1.5118348428    1.0             9.66714233701e-05 
0.02560722979   151.30459078    2.8510813039    1.0353723644    0.517380569314  43.8460937529   1.50021762446   2.12847155917   1.51299459332   1.0             9.67027827956e-05 
0.0256384415261 151.42014932    2.85272732434   1.03546589307   0.517439818008  43.8681333002   1.50254598036   2.1317749498    1.51415477277   1.0             9.67345255612e-05 
0.0256696438642 151.535743208   2.85436787096   1.03556024093   0.517499097547  43.8902089581   1.50487114751   2.13507353487   1.5153153759    1.0             9.67666410019e-05 
0.0257008368001 151.651372127   2.8560029846    1.03565541336   0.517558407679  43.9123202045   1.50719313637   2.13836732775   1.5164763976    1.0             9.67991186822e-05 
0.0257320203299 151.767035767   2.85763270676   1.03575141572   0.517617748152  43.934466524    1.5095119573    2.1416563417    1.51763783288   1.0             9.68319483918e-05 
0.0257631944501 151.882733827   2.85925707961   1.03584825341   0.517677118714  43.9566474074   1.51182762062   2.14494058995   1.5187996769    1.0             9.6865120141e-05 
0.0257943591577 151.99846601    2.86087614605   1.03594593178   0.517736519118  43.9788623524   1.51414013653   2.14822008561   1.51996192492   1.0             9.68986241568e-05 
0.0258255144497 152.11423203    2.8624899497    1.0360444562    0.517795949115  44.001110863    1.51644951521   2.15149484175   1.52112457233   1.0             9.69324508783e-05 
0.0258566603236 152.230031606   2.86409853486   1.03614383203   0.51785540846   44.0233924495   1.51875576671   2.15476487132   1.52228761461   1.0             9.69665909522e-05 
