0.0             1.02405441534   -1.0            -1.0            0.500008508377  6.3778494495    1.28530877304   0.415343785024  -0.0029694823415 1.0             1e-05           
1.52587890625e-05 1.02342788895   -1.00005192579  -0.863837215584 0.500020459454  6.37741364314   1.28502070365   0.415350746216  0.0133798518876 1.0             1e-05           
3.0517578125e-05 1.0477678085    -1.00011163784  -0.797833476698 0.500032922617  6.4988762321    1.29767227577   0.419037061965  -0.0452291073263 1.0             1e-05           
4.57763671875e-05 1.07243565736   -1.00018652681  -0.760438405832 0.500043312345  6.61925001851   1.30754575326   0.422468424786  -0.0570760480456 1.0             1e-05           
6.103515625e-05 1.09779063576   -1.00025989849  -0.734432733149 0.500054973039  6.73986492115   1.31282468827   0.425937312528  -0.0273958723269 1.0             1e-05           
7.62939453125e-05 1.12370752669   -1.00033592548  -0.715835027652 0.500065683191  6.86611090109   1.32418541586   0.429068991087  -0.0582663696736 1.0             1e-05           
9.1552734375e-05 1.15035791944   -1.00041949615  -0.702441390057 0.500073930015  6.9920905749    1.33117484454   0.432235123145  -0.0506844385089 1.0             1e-05           
0.000106811523438 1.17773849552   -1.00050286919  -0.692869043525 0.500080193308  7.1205412438    1.33816324332   0.435397594548  -0.0413475703479 1.0             1e-05           
0.0001220703125 1.20588885751   -1.00058718579  -0.686134704951 0.500086337609  7.25139527884   1.3458223706    0.438511094786  -0.0382091318663 1.0             1e-05           
0.000137329101562 1.23486645655   -1.00067382514  -0.681537911987 0.50009553046   7.38434144085   1.35349697419   0.441602347238  -0.0350201309258 1.0             1e-05           
