0.000651041666667 0.126988961073  -1.00019204316  -1.00000401024  0.500000342074  0.764290679076  0.0435183943743 0.0609293747693 0.00158354317538 1.98039768798   0.000199711001467 
0.00151909722222 0.145434072232  -1.00046704276  -1.00000948561  0.50000098862   0.836625190526  0.0447101322543 0.0625879830802 0.00176285498605 1.97963253555   0.000199678218002 
0.00238715277778 0.166659732548  -1.00077443013  -1.00001517316  0.50000187658   0.913157980319  0.0460334325818 0.0644287677854 0.00197040145538 1.97876399119   0.000199643239981 
0.00325520833333 0.191052244004  -1.00112099709  -1.00002112586  0.500003037477  0.994236875196  0.0474974969558 0.0664639934569 0.00221012105165 1.97777141071   0.000199605774143 
0.00412326388889 0.219059719237  -1.00151355731  -1.00002739305  0.500004508955  1.08025148591   0.0491148511317 0.0687103889765 0.00248668845068 1.97662657691   0.00019956550122 
0.00499131944444 0.251203017608  -1.00195957027  -1.00003402356  0.500006335174  1.17163829348   0.0509018175392 0.0711898083898 0.0028055738653 1.97529396791   0.000199522067596 
0.005859375     0.288089107126  -1.00246744431  -1.00004106739  0.500008567613  1.26888689885   0.0528786001983 0.0739294143781 0.00317322647571 1.97373568492   0.000199475076987 
0.00672743055556 0.330427411336  -1.00304679139  -1.00004857697  0.500011266156  1.37254703998   0.0550684224203 0.0769605659144 0.00359723638247 1.97191423096   0.000199424080866 
0.00759548611111 0.379049911502  -1.00370869511  -1.00005660848  0.500014500335  1.48323698876   0.0574964416918 0.0803173372608 0.0040864710842 1.9697910735    0.000199368567648 
0.00846354166667 0.434936072628  -1.00446601878  -1.00006522309  0.500018350725  1.60165448671   0.0601894161907 0.0840359920166 0.00465124766764 1.96732103697   0.000199307950499 
0.00933159722222 0.49924405305   -1.00533377428  -1.00007448853  0.500022910549  1.72859113021   0.0631762962472 0.0881556797271 0.00530360395049 1.96444531735   0.000199241553456 
0.0101996527778 0.573350147352  -1.00632957443  -1.00008448067  0.500028287614  1.86495086979   0.06648941062   0.0927199427727 0.00605769794621 1.96108544436   0.000199168595283 
0.0110677083333 0.658899074344  -1.00747419665  -1.00009528542  0.500034606701  2.0117733587    0.0701658880858 0.0977953977484 0.00693034374342 1.95713854516   0.000199088170322 
0.0119357638889 0.757868659797  -1.00879229354  -1.00010700097  0.500042012553  2.1702632607    0.074249154966  0.103435848286  0.00794169909963 1.95247299869   0.000198999225576 
0.0128038194444 0.872653808585  -1.0103132974   -1.00011974041  0.500050673578  2.34182717919   0.0787905417672 0.109703852616  0.00911614462212 1.94692334829   0.000198900533155 
0.013671875     1.00617659506   -1.01207258245  -1.00013363503  0.500060786475  2.52812054733   0.083851137326  0.116682135466  0.01048342648   1.94028343794   0.000198790657106 
0.0145399305556 1.16197666082   -1.01411095291  -1.00014869519  0.500072544989  2.72941668946   0.087230806468  0.120807181603  0.0118134902484 1.96249465359   0.000198664774884 
0.0154079861111 1.34458014469   -1.01647292855  -1.00016417962  0.500085988136  2.95094240207   0.0929652782246 0.128588325509  0.0136682912458 1.95993357272   0.000198526198924 
0.0162760416667 1.55950949842   -1.01923596109  -1.00018118068  0.500101690781  3.19417816306   0.0993450874835 0.137223496839  0.0158544110234 1.95580062254   0.000198370171613 
0.0171440972222 1.81383257445   -1.02247591246  -1.00019985114  0.500120044665  3.46255510606   0.106480688974  0.146857089575  0.0184467052024 1.94935878591   0.00019819395822 
0.0180121527778 2.11658554475   -1.02629025262  -1.00022038125  0.500141522499  3.76026773305   0.114510606117  0.157669121399  0.0215421036897 1.9399293688    0.00019799430146 
0.0188802083333 2.47920582524   -1.03080303517  -1.00024321251  0.500166701002  4.09306502186   0.12399784419   0.170704714189  0.0252611426715 1.94634068828   0.000197768094372 
0.0197482638889 2.91751618735   -1.03617409499  -1.00027005675  0.500196263446  4.46665950503   0.134508566226  0.184850942505  0.0297542306388 1.94308971146   0.000197510325527 
0.0206163194444 3.45181186749   -1.0426062161   -1.00030000045  0.500231058254  4.88965060504   0.146603471     0.201075271776  0.0352413741097 1.9389729115    0.000197216073933 
0.021484375     4.10968302131   -1.05036499342  -1.0003336045   0.500272148211  5.37256437788   0.160626119179  0.219820952633  0.0420124177195 1.93357196947   0.000196879560129 
0.0223524305556 4.92897945717   -1.05979873756  -1.0003715487   0.500320870838  5.9289968693    0.17705053536   0.241693503906  0.0504659375908 1.92622036055   0.000196494433153 
0.0232204861111 5.96236745212   -1.07136830851  -1.00041468292  0.500378924947  6.57664156307   0.196520185952  0.267511264319  0.0611559810725 1.91588543062   0.000196053931058 
0.0240885416667 7.2842396607    -1.08568765927  -1.00046409814  0.500448483313  7.33869977891   0.219929306159  0.298406853433  0.0748593735112 1.90092105831   0.000195551323342 
0.0249565972222 9.00059506824   -1.10358750442  -1.00052060338  0.500532178626  8.24728088064   0.252136758821  0.340384505609  0.0923745571394 1.92986479627   0.000194981135072 
0.0258246527778 11.2662646963   -1.12617015223  -1.00058526004  0.500633423983  9.33945168988   0.288456151589  0.387646120992  0.115783415646  1.91793553706   0.00019433857948 
0.0266793657861 14.2960345611   -1.1544024656   -1.00065995456  0.500755058464  10.6640781339   0.334842922173  0.447576298644  0.146923273951  1.90914801321   0.00019362732871 
0.0274433656342 18.025730978    -1.18635233231  -1.00073870695  0.500887320525  12.1393934134   0.390753221068  0.51919276436   0.184825131865  1.91725192435   0.000192920300395 
0.0281217343601 22.4029308137   -1.22148734692  -1.00082090748  0.501028249587  13.713271753    0.455239795468  0.600972088499  0.229912515771  1.91515775274   0.000192255921083 
0.0287294842937 27.4638452777   -1.25953293379  -1.00090729137  0.501178113518  15.376804018    0.533189613018  0.699274971182  0.281489179632  1.90668944954   0.000191569943315 
0.0292797341565 33.2255678216   -1.30022647323  -1.00099944465  0.501336429522  17.1143093535   0.627669459914  0.817434419488  0.340218775477  1.88625628836   0.000188613589993 
0.0297832182736 39.6947089703   -1.34326950972  -1.00109928297  0.501503375027  18.9091224237   0.74453572907   0.962434020464  0.406095198734  1.87937933258   0.000184251255683 
0.0302483224149 46.8613331235   -1.38830654861  -1.00120947901  0.501679076619  20.7413862415   0.892050123027  1.14449648601   0.478969079693  1.88090356237   0.000177010651375 
0.0306813067771 54.6994313344   -1.43488912625  -1.00133303526  0.501863249874  22.5866472246   1.07852212631   1.37294882263   0.557476261371  1.89485841609   0.000167959842336 
0.0310827022443 63.1504875776   -1.48201189526  -1.00147213793  0.50205325819   24.4187808221   1.32533514539   1.6731114692    0.642577956588  1.87398343543   0.000159927742728 
0.0314506542128 72.009729023    -1.52837097524  -1.00163060108  0.502245301517  26.1849443076   1.64750333283   2.0624153472    0.731693006137  1.88391058921   0.000153052130734 
0.0317924293572 81.3453090564   -1.57388239033  -1.0018170202   0.502439925823  27.8967045617   2.07335574182   2.57439144249   0.825731083736  1.90126598555   0.000147285674717 
0.0321132831818 91.3615607228   -1.61849827257  -1.00204404697  0.502637534299  29.5856994454   2.64686217556   3.26136335237   0.926916591266  1.90203277686   0.000142506514708 
0.0324165851502 102.414393053   -1.66214045675  -1.00233071934  0.502838089618  31.3030632362   3.43319363735   4.20076954706   1.03908558161   1.89323100176   0.00013775849155 
0.0327042110174 115.067724033   -1.70469757726  -1.00270645425  0.503041055548  33.1272582498   4.52661460532   5.50525375738   1.1683959967    1.88405248714   0.000133884182995 
0.0329778258778 130.257841518   -1.74618313713  -1.00321907087  0.503246131907  35.1878978994   6.06430007114   7.34018010838   1.32499999044   1.86839065529   0.000131140437687 
0.0332382038451 149.464448771   -1.78662701899  -1.00394490108  0.503452664927  37.6886312703   8.24031420852   9.94230406755   1.52453142803   1.82921930387   0.000127995356026 
0.0334845798302 178.557073541   -1.8260383195   -1.00502196381  0.50365760342   41.3633658241   11.8738797835   14.3052146122   1.81772624001   1.9411853356    0.000124936887617 
0.033715538603  216.823354526   -1.86449108953  -1.00666057968  0.503858172055  46.1989756086   16.5675774159   20.0066450742   2.21164833543   1.99629804908   0.000122453222287 
0.0339294874146 269.700660936   -1.90217369656  -1.00912626263  0.504051829958  52.8171470992   22.7985018031   27.6744488782   2.75661697324   1.87307467848   0.000120008702152 
0.0341252636628 343.660700625   -1.93955119849  -1.01281128761  0.504236280718  61.8366140635   31.0004621964   37.9782083484   3.5186949335    1.65312134425   0.000116246683926 
