0.0             700000.0        
63072000000.0   700010.560638   
1.26144e+11     700020.117606   
1.89216e+11     700028.522553   
2.52288e+11     700034.77401    
3.1536e+11      700042.782193   
3.78432e+11     700050.496143   
4.41504e+11     700058.0558     
5.04576e+11     700064.200504   
5.67648e+11     700069.92263    
6.3072e+11      700078.410049   
6.93792e+11     700085.029575   
7.56864e+11     700091.574389   
8.19936e+11     700098.071855   
8.83008e+11     700104.409129   
9.4608e+11      700109.404892   
1.009152e+12    700115.718665   
1.072224e+12    700120.799075   
1.135296e+12    700127.255638   
1.198368e+12    700133.045863   
1.26144e+12     700138.830526   
1.324512e+12    700142.001444   
1.387584e+12    700145.624656   
1.450656e+12    700149.519019   
1.513728e+12    700153.511617   
1.5768e+12      700155.631842   
1.639872e+12    700158.486173   
1.702944e+12    700163.249661   
1.766016e+12    700168.029145   
1.829088e+12    700171.846313   
1.89216e+12     700175.380532   
1.955232e+12    700178.817698   
2.018304e+12    700181.087582   
2.081376e+12    700183.357311   
2.144448e+12    700186.14739    
2.20752e+12     700190.677098   
2.270592e+12    700192.594579   
2.333664e+12    700195.462534   
2.396736e+12    700198.348843   
2.459808e+12    700203.12964    
2.52288e+12     700207.973476   
2.585952e+12    700212.164332   
2.649024e+12    700213.583513   
2.712096e+12    700215.041777   
2.775168e+12    700217.26699    
2.83824e+12     700219.348361   
2.901312e+12    700221.504492   
2.964384e+12    700223.958795   
3.027456e+12    700226.458672   
3.090528e+12    700228.964222   
3.1536e+12      700232.75359    
3.216672e+12    700235.549504   
3.279744e+12    700240.845327   
3.342816e+12    700245.254356   
3.405888e+12    700248.678164   
3.46896e+12     700252.194905   
3.532032e+12    700255.694346   
3.595104e+12    700259.193348   
3.658176e+12    700263.198712   
3.721248e+12    700267.24691    
3.78432e+12     700271.240707   
3.847392e+12    700275.945171   
3.910464e+12    700280.409217   
3.973536e+12    700283.84079    
4.036608e+12    700287.27903    
4.09968e+12     700290.724625   
4.162752e+12    700294.79671    
4.225824e+12    700298.290434   
4.288896e+12    700302.019015   
4.351968e+12    700306.037981   
4.41504e+12     700309.414425   
4.478112e+12    700313.014097   
4.541184e+12    700316.126177   
4.604256e+12    700319.488461   
4.667328e+12    700322.05888    
4.7304e+12      700324.101389   
4.793472e+12    700326.332781   
4.856544e+12    700328.810121   
4.919616e+12    700332.377186   
4.982688e+12    700335.643677   
5.04576e+12     700338.927073   
5.108832e+12    700341.205664   
5.171904e+12    700344.462469   
5.234976e+12    700346.889412   
5.298048e+12    700349.371109   
5.36112e+12     700352.482547   
5.424192e+12    700354.245108   
5.487264e+12    700357.078052   
5.550336e+12    700359.494474   
5.613408e+12    700361.913426   
5.67648e+12     700362.353879   
5.739552e+12    700363.453008   
5.802624e+12    700364.82291    
5.865696e+12    700365.441965   
5.928768e+12    700366.341726   
5.99184e+12     700366.967895   
6.054912e+12    700366.955242   
6.117984e+12    700365.871828   
6.181056e+12    700365.486413   
6.244128e+12    700365.036081   
6.3072e+12      700364.363472   
6.370272e+12    700366.324959   
6.433344e+12    700368.455655   
6.496416e+12    700367.849223   
6.559488e+12    700367.94223    
6.62256e+12     700369.53105    
6.685632e+12    700369.393642   
6.748704e+12    700368.226024   
6.811776e+12    700367.981831   
6.874848e+12    700367.759432   
6.93792e+12     700369.83878    
7.000992e+12    700371.50396    
7.064064e+12    700373.775937   
7.127136e+12    700375.496241   
7.190208e+12    700377.25496    
7.25328e+12     700379.153906   
7.316352e+12    700380.997668   
7.379424e+12    700382.595233   
7.442496e+12    700386.014954   
7.505568e+12    700389.694836   
7.56864e+12     700393.117984   
7.631712e+12    700396.564395   
7.694784e+12    700397.616151   
7.757856e+12    700398.471878   
7.820928e+12    700399.573921   
7.884e+12       700398.442314   
7.947072e+12    700397.24304    
8.010144e+12    700396.089937   
8.073216e+12    700395.435636   
8.136288e+12    700397.031859   
8.19936e+12     700397.272494   
8.262432e+12    700398.00826    
8.325504e+12    700397.884072   
8.388576e+12    700400.517482   
8.451648e+12    700402.25504    
8.51472e+12     700403.077998   
8.577792e+12    700402.041767   
8.640864e+12    700402.849361   
8.703936e+12    700403.311252   
8.767008e+12    700402.61086    
8.83008e+12     700402.257008   
8.893152e+12    700402.728014   
8.956224e+12    700403.056947   
9.019296e+12    700404.681234   
9.082368e+12    700405.732351   
9.14544e+12     700407.131916   
9.208512e+12    700407.979781   
9.271584e+12    700410.114164   
9.334656e+12    700413.25253    
9.397728e+12    700415.983116   
9.4608e+12      700418.023818   
9.523872e+12    700420.617805   
9.586944e+12    700421.989257   
9.650016e+12    700423.103953   
9.713088e+12    700426.726288   
9.77616e+12     700427.33848    
9.839232e+12    700428.65003    
9.902304e+12    700430.346061   
9.965376e+12    700432.38728    
1.0028448e+13   700433.584643   
1.009152e+13    700434.782002   
1.0154592e+13   700436.398658   
1.0217664e+13   700437.101256   
1.0280736e+13   700439.382062   
1.0343808e+13   700441.633613   
1.040688e+13    700442.223743   
1.0469952e+13   700439.950154   
1.0533024e+13   700439.233665   
1.0596096e+13   700437.945873   
1.0659168e+13   700439.237499   
1.072224e+13    700441.087208   
1.0785312e+13   700443.420461   
1.0848384e+13   700443.26791    
1.0911456e+13   700444.142727   
1.0974528e+13   700447.686875   
1.10376e+13     700450.984039   
1.1100672e+13   700451.105144   
1.1163744e+13   700452.167224   
1.1226816e+13   700452.903041   
1.1289888e+13   700455.693745   
1.135296e+13    700457.281901   
1.1416032e+13   700458.110866   
1.1479104e+13   700461.198425   
1.1542176e+13   700465.04887    
1.1605248e+13   700467.589075   
1.166832e+13    700470.799636   
1.1731392e+13   700473.428788   
1.1794464e+13   700477.703146   
1.1857536e+13   700480.867838   
1.1920608e+13   700484.283202   
1.198368e+13    700487.49571    
1.2046752e+13   700490.525727   
1.2109824e+13   700492.741837   
1.2172896e+13   700495.089243   
1.2235968e+13   700497.272969   
1.229904e+13    700500.052217   
1.2362112e+13   700500.179805   
1.2425184e+13   700499.932285   
1.2488256e+13   700500.608754   
1.2551328e+13   700501.161397   
1.26144e+13     700500.511777   
1.2677472e+13   700499.827929   
1.2740544e+13   700500.783263   
1.2803616e+13   700498.542897   
1.2866688e+13   700496.654285   
1.292976e+13    700495.43905    
1.2992832e+13   700495.839069   
1.3055904e+13   700496.128992   
1.3118976e+13   700496.457747   
1.3182048e+13   700495.560825   
1.324512e+13    700495.642402   
1.3308192e+13   700495.635837   
1.3371264e+13   700496.224435   
1.3434336e+13   700496.772824   
1.3497408e+13   700497.890059   
1.356048e+13    700499.267142   
1.3623552e+13   700501.714317   
1.3686624e+13   700503.526527   
1.3749696e+13   700507.061996   
1.3812768e+13   700510.040335   
1.387584e+13    700512.305446   
1.3938912e+13   700514.038544   
1.4001984e+13   700516.326732   
1.4065056e+13   700516.812375   
1.4128128e+13   700518.148728   
1.41912e+13     700518.999197   
1.4254272e+13   700520.015388   
1.4317344e+13   700524.776588   
1.4380416e+13   700526.134944   
1.4443488e+13   700526.346563   
1.450656e+13    700527.55311    
1.4569632e+13   700527.147958   
1.4632704e+13   700526.564821   
1.4695776e+13   700527.047021   
1.4758848e+13   700530.225027   
1.482192e+13    700532.162365   
1.4884992e+13   700530.188044   
1.4948064e+13   700531.126245   
1.5011136e+13   700531.484719   
1.5074208e+13   700531.523304   
1.513728e+13    700530.856862   
1.5200352e+13   700530.772857   
1.5263424e+13   700531.058146   
1.5326496e+13   700531.547921   
1.5389568e+13   700531.844366   
1.545264e+13    700532.278978   
1.5515712e+13   700533.273557   
1.5578784e+13   700534.40709    
1.5641856e+13   700536.380441   
1.5704928e+13   700538.24042    
1.5768e+13      700538.742076   
1.5831072e+13   700540.064139   
1.5894144e+13   700540.662641   
1.5957216e+13   700541.187305   
1.6020288e+13   700542.821015   
1.608336e+13    700543.953841   
1.6146432e+13   700545.221615   
1.6209504e+13   700546.044534   
1.6272576e+13   700546.547676   
1.6335648e+13   700547.217103   
1.639872e+13    700545.219672   
1.6461792e+13   700543.517727   
1.6524864e+13   700542.566656   
1.6587936e+13   700541.543524   
1.6651008e+13   700540.231136   
1.671408e+13    700541.02722    
1.6777152e+13   700541.300087   
1.6840224e+13   700542.135813   
1.6903296e+13   700542.503839   
1.6966368e+13   700543.012565   
1.702944e+13    700543.459899   
1.7092512e+13   700544.452393   
1.7155584e+13   700548.077144   
1.7218656e+13   700548.908174   
1.7281728e+13   700548.277776   
1.73448e+13     700547.30501    
1.7407872e+13   700546.515653   
1.7470944e+13   700545.418789   
1.7534016e+13   700546.579014   
1.7597088e+13   700547.762053   
1.766016e+13    700548.922194   
1.7723232e+13   700552.418344   
1.7786304e+13   700555.269722   
1.7849376e+13   700558.675366   
1.7912448e+13   700560.399764   
1.797552e+13    700561.801814   
1.8038592e+13   700564.409312   
1.8101664e+13   700566.108794   
1.8164736e+13   700567.808236   
1.8227808e+13   700569.329358   
1.829088e+13    700570.447964   
1.8353952e+13   700571.855027   
1.8417024e+13   700572.383029   
1.8480096e+13   700572.515078   
1.8543168e+13   700573.03249    
1.860624e+13    700573.475808   
1.8669312e+13   700573.056451   
1.8732384e+13   700571.609616   
1.8795456e+13   700570.203861   
1.8858528e+13   700568.402776   
1.89216e+13     700566.876581   
1.8984672e+13   700565.089733   
1.9047744e+13   700563.543806   
1.9110816e+13   700564.805622   
1.9173888e+13   700566.502301   
1.923696e+13    700564.452512   
1.9300032e+13   700563.071311   
1.9363104e+13   700561.679092   
1.9426176e+13   700559.611324   
1.9489248e+13   700558.26302    
1.955232e+13    700557.456624   
1.9615392e+13   700555.651432   
1.9678464e+13   700555.396012   
1.9741536e+13   700553.574048   
1.9804608e+13   700552.717106   
1.986768e+13    700553.61344    
1.9930752e+13   700552.311442   
1.9993824e+13   700551.599909   
2.0056896e+13   700550.284357   
2.0119968e+13   700550.583722   
2.018304e+13    700549.296444   
2.0246112e+13   700549.533894   
2.0309184e+13   700550.759199   
2.0372256e+13   700551.134314   
2.0435328e+13   700551.770834   
2.04984e+13     700550.232277   
2.0561472e+13   700552.446497   
2.0624544e+13   700556.584721   
2.0687616e+13   700557.451163   
2.0750688e+13   700558.259826   
2.081376e+13    700559.278091   
2.0876832e+13   700560.610507   
2.0939904e+13   700560.002758   
2.1002976e+13   700558.13339    
2.1066048e+13   700557.839951   
2.112912e+13    700556.980863   
2.1192192e+13   700557.362107   
2.1255264e+13   700556.199159   
2.1318336e+13   700558.256672   
2.1381408e+13   700558.627911   
2.144448e+13    700559.129006   
2.1507552e+13   700560.591341   
2.1570624e+13   700561.31103    
2.1633696e+13   700562.422547   
2.1696768e+13   700566.769361   
2.175984e+13    700571.979461   
2.1822912e+13   700577.156929   
2.1885984e+13   700580.902403   
2.1949056e+13   700584.44658    
2.2012128e+13   700585.075335   
2.20752e+13     700586.71745    
2.2138272e+13   700587.405245   
2.2201344e+13   700588.800182   
2.2264416e+13   700589.887074   
2.2327488e+13   700592.018389   
2.239056e+13    700594.558951   
2.2453632e+13   700595.896238   
2.2516704e+13   700595.159286   
2.2579776e+13   700596.858825   
2.2642848e+13   700598.460032   
2.270592e+13    700600.120829   
2.2768992e+13   700601.576584   
2.2832064e+13   700601.068825   
2.2895136e+13   700601.708079   
2.2958208e+13   700602.606308   
2.302128e+13    700603.727014   
2.3084352e+13   700603.543637   
2.3147424e+13   700602.046527   
2.3210496e+13   700599.951215   
2.3273568e+13   700600.831678   
2.333664e+13    700599.450733   
2.3399712e+13   700598.624692   
2.3462784e+13   700597.082057   
2.3525856e+13   700595.67886    
2.3588928e+13   700594.869891   
2.3652e+13      700593.590004   
2.3715072e+13   700592.644345   
2.3778144e+13   700590.430589   
2.3841216e+13   700589.118504   
2.3904288e+13   700589.748202   
2.396736e+13    700589.019241   
2.4030432e+13   700589.602529   
2.4093504e+13   700588.322902   
2.4156576e+13   700587.497414   
2.4219648e+13   700586.646785   
2.428272e+13    700586.987239   
2.4345792e+13   700587.376138   
2.4408864e+13   700588.227963   
2.4471936e+13   700589.079747   
2.4535008e+13   700588.187024   
2.459808e+13    700586.529913   
2.4661152e+13   700585.767823   
2.4724224e+13   700586.811565   
2.4787296e+13   700587.578732   
2.4850368e+13   700586.845407   
2.491344e+13    700590.056896   
2.4976512e+13   700593.755746   
2.5039584e+13   700594.832475   
2.5102656e+13   700595.660519   
2.5165728e+13   700597.791174   
2.52288e+13     700598.637152   
2.5291872e+13   700600.676156   
2.5354944e+13   700601.723386   
2.5418016e+13   700604.459573   
2.5481088e+13   700605.593919   
2.554416e+13    700609.2687     
2.5607232e+13   700609.692747   
2.5670304e+13   700609.703505   
2.5733376e+13   700607.769652   
2.5796448e+13   700606.138744   
2.585952e+13    700605.0691     
2.5922592e+13   700603.745767   
2.5985664e+13   700603.392116   
2.6048736e+13   700602.624651   
2.6111808e+13   700600.937931   
2.617488e+13    700603.104039   
2.6237952e+13   700605.845764   
2.6301024e+13   700608.654103   
2.6364096e+13   700608.950274   
2.6427168e+13   700612.522105   
2.649024e+13    700614.661542   
2.6553312e+13   700618.613575   
2.6616384e+13   700619.390661   
2.6679456e+13   700621.746856   
2.6742528e+13   700624.913717   
2.68056e+13     700627.126002   
2.6868672e+13   700629.034397   
2.6931744e+13   700630.698919   
2.6994816e+13   700631.810561   
2.7057888e+13   700632.976433   
2.712096e+13    700635.400849   
2.7184032e+13   700637.899854   
2.7247104e+13   700639.819      
2.7310176e+13   700638.161329   
2.7373248e+13   700637.6321     
2.743632e+13    700641.21223    
2.7499392e+13   700642.838545   
2.7562464e+13   700643.248007   
2.7625536e+13   700644.294536   
2.7688608e+13   700645.591138   
2.775168e+13    700646.702261   
2.7814752e+13   700648.613447   
2.7877824e+13   700649.402377   
2.7940896e+13   700650.56545    
2.8003968e+13   700651.813876   
2.806704e+13    700652.96369    
2.8130112e+13   700653.646534   
2.8193184e+13   700654.329359   
2.8256256e+13   700655.50884    
2.8319328e+13   700656.21846    
2.83824e+13     700657.464471   
2.8445472e+13   700658.204404   
2.8508544e+13   700661.2721     
2.8571616e+13   700661.477261   
2.8634688e+13   700661.609785   
2.869776e+13    700661.171727   
2.8760832e+13   700661.925583   
2.8823904e+13   700662.43796    
2.8886976e+13   700663.402487   
2.8950048e+13   700662.853529   
2.901312e+13    700663.899914   
2.9076192e+13   700663.782776   
2.9139264e+13   700664.404936   
2.9202336e+13   700664.361897   
2.9265408e+13   700665.322415   
2.932848e+13    700664.55932    
2.9391552e+13   700665.989229   
2.9454624e+13   700666.094978   
2.9517696e+13   700668.338202   
2.9580768e+13   700670.159254   
2.964384e+13    700672.620463   
2.9706912e+13   700673.883934   
2.9769984e+13   700676.543479   
2.9833056e+13   700677.632247   
2.9896128e+13   700678.442583   
2.99592e+13     700678.678286   
3.0022272e+13   700679.849368   
3.0085344e+13   700679.679715   
3.0148416e+13   700681.207423   
3.0211488e+13   700680.765916   
3.027456e+13    700681.409931   
3.0337632e+13   700681.520789   
3.0400704e+13   700681.262576   
3.0463776e+13   700681.150615   
3.0526848e+13   700681.882874   
3.058992e+13    700681.178937   
3.0652992e+13   700680.031289   
3.0716064e+13   700677.909461   
3.0779136e+13   700677.826158   
3.0842208e+13   700675.659014   
3.090528e+13    700674.887788   
3.0968352e+13   700674.999802   
3.1031424e+13   700678.649957   
3.1094496e+13   700680.163991   
3.1157568e+13   700684.2422     
3.122064e+13    700684.185301   
3.1283712e+13   700685.841506   
3.1346784e+13   700685.213533   
3.1409856e+13   700688.456343   
3.1472928e+13   700690.374537   
3.1536e+13      700691.683707   
3.1599072e+13   700691.712165   
3.1662144e+13   700692.162243   
3.1725216e+13   700692.404584   
3.1788288e+13   700693.083383   
3.185136e+13    700694.231784   
3.1914432e+13   700694.0303     
3.1977504e+13   700695.74657    
3.2040576e+13   700695.327695   
3.2103648e+13   700695.562977   
3.216672e+13    700694.223615   
3.2229792e+13   700691.883147   
3.2292864e+13   700690.500455   
3.2355936e+13   700688.149266   
3.2419008e+13   700687.058437   
3.248208e+13    700684.968525   
3.2545152e+13   700684.545234   
3.2608224e+13   700683.947161   
3.2671296e+13   700685.207674   
3.2734368e+13   700685.987511   
3.279744e+13    700685.644338   
3.2860512e+13   700687.347034   
3.2923584e+13   700687.040183   
3.2986656e+13   700687.945595   
3.3049728e+13   700689.036433   
3.31128e+13     700689.39954    
3.3175872e+13   700691.037669   
3.3238944e+13   700689.898683   
3.3302016e+13   700691.81166    
3.3365088e+13   700691.376025   
3.342816e+13    700693.770155   
3.3491232e+13   700693.282979   
3.3554304e+13   700695.343308   
3.3617376e+13   700695.867224   
3.3680448e+13   700697.979298   
3.374352e+13    700699.697832   
3.3806592e+13   700700.066233   
3.3869664e+13   700700.095357   
3.3932736e+13   700701.20387    
3.3995808e+13   700700.034972   
3.405888e+13    700702.20629    
3.4121952e+13   700702.869318   
3.4185024e+13   700704.494849   
3.4248096e+13   700706.28344    
3.4311168e+13   700706.412012   
3.437424e+13    700708.162242   
3.4437312e+13   700708.537043   
3.4500384e+13   700709.370929   
3.4563456e+13   700708.619628   
3.4626528e+13   700710.180516   
3.46896e+13     700712.267338   
3.4752672e+13   700714.616569   
3.4815744e+13   700716.329689   
3.4878816e+13   700719.902967   
3.4941888e+13   700721.569069   
3.500496e+13    700724.138017   
3.5068032e+13   700726.747362   
3.5131104e+13   700727.334102   
3.5194176e+13   700727.27293    
3.5257248e+13   700726.60328    
3.532032e+13    700723.63238    
3.5383392e+13   700722.989742   
3.5446464e+13   700722.657429   
3.5509536e+13   700722.503309   
3.5572608e+13   700721.643726   
3.563568e+13    700719.18439    
3.5698752e+13   700717.573025   
3.5761824e+13   700718.259039   
3.5824896e+13   700718.641926   
3.5887968e+13   700716.987461   
3.595104e+13    700714.681409   
3.6014112e+13   700715.65246    
3.6077184e+13   700716.247669   
3.6140256e+13   700717.362999   
3.6203328e+13   700717.041108   
3.62664e+13     700719.012568   
3.6329472e+13   700718.059224   
3.6392544e+13   700719.672719   
3.6455616e+13   700720.863398   
3.6518688e+13   700721.8661     
3.658176e+13    700723.211171   
3.6644832e+13   700722.256995   
3.6707904e+13   700723.125      
3.6770976e+13   700723.373893   
3.6834048e+13   700728.525079   
3.689712e+13    700730.310213   
3.6960192e+13   700734.19797    
3.7023264e+13   700736.523541   
3.7086336e+13   700737.626647   
3.7149408e+13   700737.386813   
3.721248e+13    700738.166853   
3.7275552e+13   700737.763203   
3.7338624e+13   700738.543227   
3.7401696e+13   700740.347408   
3.7464768e+13   700742.207554   
3.752784e+13    700742.232637   
3.7590912e+13   700742.476333   
3.7653984e+13   700741.869267   
3.7717056e+13   700742.297392   
3.7780128e+13   700742.704014   
3.78432e+13     700742.176215   
3.7906272e+13   700742.899667   
3.7969344e+13   700743.124738   
3.8032416e+13   700743.975153   
3.8095488e+13   700743.91997    
3.815856e+13    700745.470356   
3.8221632e+13   700745.559301   
3.8284704e+13   700747.852714   
3.8347776e+13   700750.011274   
3.8410848e+13   700752.190922   
3.847392e+13    700751.687321   
3.8536992e+13   700753.197144   
3.8600064e+13   700753.119499   
3.8663136e+13   700753.041858   
3.8726208e+13   700754.561601   
3.878928e+13    700754.315944   
3.8852352e+13   700754.616449   
3.8915424e+13   700755.769799   
3.8978496e+13   700754.433608   
3.9041568e+13   700755.195257   
3.910464e+13    700756.361424   
3.9167712e+13   700756.358876   
3.9230784e+13   700756.280121   
3.9293856e+13   700755.389657   
3.9356928e+13   700754.072864   
3.942e+13       700754.091431   
3.9483072e+13   700759.278606   
3.9546144e+13   700760.687693   
3.9609216e+13   700760.938705   
3.9672288e+13   700760.973208   
3.973536e+13    700760.835354   
3.9798432e+13   700762.790166   
3.9861504e+13   700765.132661   
3.9924576e+13   700766.499399   
3.9987648e+13   700769.713117   
4.005072e+13    700769.322616   
4.0113792e+13   700769.90833    
4.0176864e+13   700772.142558   
4.0239936e+13   700773.525037   
4.0303008e+13   700775.343354   
4.036608e+13    700777.004142   
4.0429152e+13   700777.235496   
4.0492224e+13   700779.409251   
4.0555296e+13   700779.25979    
4.0618368e+13   700780.197662   
4.068144e+13    700782.119339   
4.0744512e+13   700783.594347   
4.0807584e+13   700785.175614   
4.0870656e+13   700786.569902   
4.0933728e+13   700786.808168   
4.09968e+13     700788.597817   
4.1059872e+13   700790.766737   
4.1122944e+13   700791.328561   
4.1186016e+13   700792.150963   
4.1249088e+13   700793.764169   
4.131216e+13    700792.721477   
4.1375232e+13   700792.190558   
4.1438304e+13   700790.268458   
4.1501376e+13   700789.026279   
4.1564448e+13   700787.791856   
4.162752e+13    700786.538712   
4.1690592e+13   700785.553433   
4.1753664e+13   700785.011098   
4.1816736e+13   700785.13777    
4.1879808e+13   700785.562481   
4.194288e+13    700785.13859    
4.2005952e+13   700786.228716   
4.2069024e+13   700785.244179   
4.2132096e+13   700786.625111   
4.2195168e+13   700784.189626   
4.225824e+13    700783.032079   
4.2321312e+13   700783.500607   
4.2384384e+13   700783.309051   
4.2447456e+13   700785.393521   
4.2510528e+13   700785.238436   
4.25736e+13     700784.56048    
4.2636672e+13   700785.271005   
4.2699744e+13   700786.439951   
4.2762816e+13   700785.46947    
4.2825888e+13   700787.178238   
4.288896e+13    700787.636155   
4.2952032e+13   700789.849851   
4.3015104e+13   700788.794318   
4.3078176e+13   700790.53378    
4.3141248e+13   700789.414505   
4.320432e+13    700790.744808   
4.3267392e+13   700789.9639     
4.3330464e+13   700791.989829   
4.3393536e+13   700790.707322   
4.3456608e+13   700792.402582   
4.351968e+13    700792.876329   
4.3582752e+13   700794.197713   
4.3645824e+13   700796.97288    
4.3708896e+13   700796.526296   
4.3771968e+13   700797.453829   
4.383504e+13    700797.918428   
4.3898112e+13   700796.419508   
4.3961184e+13   700796.449245   
4.4024256e+13   700794.121275   
4.4087328e+13   700794.670311   
4.41504e+13     700795.392143   
4.4213472e+13   700794.413382   
4.4276544e+13   700796.706041   
4.4339616e+13   700796.359125   
4.4402688e+13   700796.956984   
4.446576e+13    700798.18598    
4.4528832e+13   700801.116325   
4.4591904e+13   700802.236165   
4.4654976e+13   700802.899175   
4.4718048e+13   700802.993122   
4.478112e+13    700805.269732   
4.4844192e+13   700804.884854   
4.4907264e+13   700807.833859   
4.4970336e+13   700810.128614   
4.5033408e+13   700812.894103   
4.509648e+13    700815.230098   
4.5159552e+13   700817.03759    
4.5222624e+13   700818.33322    
4.5285696e+13   700820.0329     
4.5348768e+13   700823.370191   
4.541184e+13    700825.700006   
4.5474912e+13   700826.697767   
4.5537984e+13   700829.141166   
4.5601056e+13   700830.737902   
4.5664128e+13   700830.293291   
4.57272e+13     700830.830982   
4.5790272e+13   700831.603479   
4.5853344e+13   700833.966994   
4.5916416e+13   700834.735165   
4.5979488e+13   700837.379384   
4.604256e+13    700836.995367   
4.6105632e+13   700837.213039   
4.6168704e+13   700837.970596   
4.6231776e+13   700838.707631   
4.6294848e+13   700837.743011   
4.635792e+13    700839.054395   
4.6420992e+13   700838.408649   
4.6484064e+13   700838.787136   
4.6547136e+13   700838.976891   
4.6610208e+13   700837.147506   
4.667328e+13    700838.583899   
4.6736352e+13   700837.358787   
4.6799424e+13   700838.412539   
4.6862496e+13   700838.069952   
4.6925568e+13   700838.767014   
4.698864e+13    700838.660742   
4.7051712e+13   700840.853257   
4.7114784e+13   700840.187453   
4.7177856e+13   700840.632726   
4.7240928e+13   700840.250317   
4.7304e+13      700841.140044   
4.7367072e+13   700840.064769   
4.7430144e+13   700840.94114    
4.7493216e+13   700841.699343   
4.7556288e+13   700841.234588   
4.761936e+13    700840.954954   
4.7682432e+13   700844.354944   
4.7745504e+13   700844.527984   
4.7808576e+13   700845.548305   
4.7871648e+13   700847.631242   
4.793472e+13    700849.941439   
4.7997792e+13   700849.958499   
4.8060864e+13   700849.42109    
4.8123936e+13   700849.382853   
4.8187008e+13   700850.260814   
4.825008e+13    700850.847623   
4.8313152e+13   700852.394304   
4.8376224e+13   700852.219466   
4.8439296e+13   700852.185902   
4.8502368e+13   700853.690378   
4.856544e+13    700852.257396   
4.8628512e+13   700855.084939   
4.8691584e+13   700853.85297    
4.8754656e+13   700853.65054    
4.8817728e+13   700854.75013    
4.88808e+13     700854.236704   
4.8943872e+13   700855.50272    
4.9006944e+13   700855.403757   
4.9070016e+13   700856.675932   
4.9133088e+13   700855.794229   
4.919616e+13    700857.642879   
4.9259232e+13   700857.592124   
4.9322304e+13   700857.690269   
4.9385376e+13   700856.023093   
4.9448448e+13   700857.037505   
4.951152e+13    700859.114048   
4.9574592e+13   700858.648329   
4.9637664e+13   700859.527575   
4.9700736e+13   700860.574093   
4.9763808e+13   700857.993847   
4.982688e+13    700859.832905   
4.9889952e+13   700860.052978   
4.9953024e+13   700861.782585   
5.0016096e+13   700861.263205   
5.0079168e+13   700864.43611    
5.014224e+13    700866.17597    
5.0205312e+13   700869.747466   
5.0268384e+13   700871.271472   
5.0331456e+13   700874.945087   
5.0394528e+13   700877.208391   
5.04576e+13     700880.988589   
5.0520672e+13   700883.745875   
5.0583744e+13   700885.423621   
5.0646816e+13   700887.777709   
5.0709888e+13   700889.673928   
5.077296e+13    700892.548147   
5.0836032e+13   700894.265541   
5.0899104e+13   700897.037945   
5.0962176e+13   700899.683184   
5.1025248e+13   700901.859619   
5.108832e+13    700904.458965   
5.1151392e+13   700907.730848   
5.1214464e+13   700908.921739   
5.1277536e+13   700910.92215    
5.1340608e+13   700912.958423   
5.140368e+13    700913.925193   
5.1466752e+13   700916.974562   
5.1529824e+13   700917.941278   
5.1592896e+13   700920.534959   
5.1655968e+13   700921.760177   
5.171904e+13    700924.72577    
5.1782112e+13   700925.187434   
5.1845184e+13   700925.123673   
5.1908256e+13   700925.147584   
5.1971328e+13   700924.550208   
5.20344e+13     700925.083773   
5.2097472e+13   700924.527414   
5.2160544e+13   700924.636334   
5.2223616e+13   700924.617419   
5.2286688e+13   700924.186163   
5.234976e+13    700925.100601   
5.2412832e+13   700927.794702   
5.2475904e+13   700928.882655   
5.2538976e+13   700931.109216   
5.2602048e+13   700931.711094   
5.266512e+13    700934.419076   
5.2728192e+13   700935.046651   
5.2791264e+13   700936.847343   
5.2854336e+13   700935.123209   
5.2917408e+13   700935.253335   
5.298048e+13    700935.40207    
5.3043552e+13   700935.66215    
5.3106624e+13   700935.457703   
5.3169696e+13   700935.337428   
5.3232768e+13   700936.745587   
5.329584e+13    700938.711982   
5.3358912e+13   700939.062809   
5.3421984e+13   700938.378428   
5.3485056e+13   700938.246198   
5.3548128e+13   700939.029102   
5.36112e+13     700938.875762   
5.3674272e+13   700939.585126   
5.3737344e+13   700939.987054   
5.3800416e+13   700939.293238   
5.3863488e+13   700938.609338   
5.392656e+13    700939.643334   
5.3989632e+13   700939.114045   
5.4052704e+13   700939.379986   
5.4115776e+13   700939.518633   
5.4178848e+13   700940.59832    
5.424192e+13    700939.762447   
5.4304992e+13   700942.155962   
5.4368064e+13   700944.4064     
5.4431136e+13   700947.834821   
5.4494208e+13   700951.311704   
5.455728e+13    700954.708121   
5.4620352e+13   700957.943407   
5.4683424e+13   700963.972541   
5.4746496e+13   700967.716813   
5.4809568e+13   700970.013079   
5.487264e+13    700971.696476   
5.4935712e+13   700974.366633   
5.4998784e+13   700975.984842   
5.5061856e+13   700976.496501   
5.5124928e+13   700978.003711   
5.5188e+13      700980.602879   
5.5251072e+13   700981.798246   
5.5314144e+13   700984.496825   
5.5377216e+13   700986.689626   
5.5440288e+13   700988.400596   
5.550336e+13    700990.757319   
5.5566432e+13   700992.457075   
5.5629504e+13   700995.386657   
5.5692576e+13   700997.195599   
5.5755648e+13   700999.199513   
5.581872e+13    701000.931893   
5.5881792e+13   701004.39806    
5.5944864e+13   701006.28944    
5.6007936e+13   701007.459723   
5.6071008e+13   701008.154608   
5.613408e+13    701010.680405   
5.6197152e+13   701011.300021   
5.6260224e+13   701012.161102   
5.6323296e+13   701011.631315   
5.6386368e+13   701014.703772   
5.644944e+13    701015.302933   
5.6512512e+13   701015.495059   
5.6575584e+13   701014.985492   
5.6638656e+13   701016.280212   
5.6701728e+13   701015.312711   
5.67648e+13     701016.538941   
5.6827872e+13   701016.810582   
5.6890944e+13   701017.04165    
5.6954016e+13   701016.669671   
5.7017088e+13   701016.993729   
5.708016e+13    701019.649301   
5.7143232e+13   701021.497969   
5.7206304e+13   701020.966709   
5.7269376e+13   701021.251079   
5.7332448e+13   701020.303009   
5.739552e+13    701021.465136   
5.7458592e+13   701020.545991   
5.7521664e+13   701020.954268   
5.7584736e+13   701020.452803   
5.7647808e+13   701020.439455   
5.771088e+13    701020.074493   
5.7773952e+13   701020.688332   
5.7837024e+13   701020.034101   
5.7900096e+13   701020.003539   
5.7963168e+13   701019.456418   
5.802624e+13    701019.756729   
5.8089312e+13   701019.914464   
5.8152384e+13   701021.493078   
5.8215456e+13   701022.85431    
5.8278528e+13   701022.865494   
5.83416e+13     701022.731478   
5.8404672e+13   701023.355338   
5.8467744e+13   701023.635384   
5.8530816e+13   701026.558952   
5.8593888e+13   701026.033508   
5.865696e+13    701026.343225   
5.8720032e+13   701026.542902   
5.8783104e+13   701026.013083   
5.8846176e+13   701025.464433   
5.8909248e+13   701026.086256   
5.897232e+13    701028.823465   
5.9035392e+13   701029.597865   
5.9098464e+13   701031.65874    
5.9161536e+13   701034.14196    
5.9224608e+13   701032.87802    
5.928768e+13    701034.519618   
5.9350752e+13   701034.395138   
5.9413824e+13   701035.892384   
5.9476896e+13   701037.69617    
5.9539968e+13   701038.810323   
5.960304e+13    701039.8065     
5.9666112e+13   701042.346105   
5.9729184e+13   701043.164963   
5.9792256e+13   701044.330198   
5.9855328e+13   701046.527243   
5.99184e+13     701047.163723   
5.9981472e+13   701048.356434   
6.0044544e+13   701050.088893   
6.0107616e+13   701050.816055   
6.0170688e+13   701053.909841   
6.023376e+13    701053.021395   
6.0296832e+13   701054.745778   
6.0359904e+13   701055.252007   
6.0422976e+13   701057.503597   
6.0486048e+13   701058.102022   
6.054912e+13    701059.98532    
6.0612192e+13   701060.798337   
6.0675264e+13   701063.545158   
6.0738336e+13   701064.594264   
6.0801408e+13   701066.135258   
6.086448e+13    701067.02753    
6.0927552e+13   701067.696209   
6.0990624e+13   701068.396532   
6.1053696e+13   701068.745711   
6.1116768e+13   701068.557229   
6.117984e+13    701068.927296   
6.1242912e+13   701069.491522   
6.1305984e+13   701068.813463   
6.1369056e+13   701071.251879   
6.1432128e+13   701069.019838   
6.14952e+13     701071.687297   
6.1558272e+13   701069.243407   
6.1621344e+13   701071.344363   
6.1684416e+13   701071.358456   
6.1747488e+13   701070.077201   
6.181056e+13    701071.796859   
6.1873632e+13   701070.720386   
6.1936704e+13   701073.112625   
6.1999776e+13   701071.761426   
6.2062848e+13   701073.27664    
6.212592e+13    701072.127846   
6.2188992e+13   701073.431337   
6.2252064e+13   701072.371581   
6.2315136e+13   701073.011855   
6.2378208e+13   701072.053555   
6.244128e+13    701073.641417   
6.2504352e+13   701071.511462   
6.2567424e+13   701073.657161   
6.2630496e+13   701071.916055   
6.2693568e+13   701073.628763   
6.275664e+13    701072.420256   
6.2819712e+13   701073.702649   
6.2882784e+13   701072.496432   
6.2945856e+13   701073.198307   
6.3008928e+13   701072.86237    
6.3072e+13      701072.839812   
6.3135072e+13   701074.184209   
6.3198144e+13   701073.069036   
6.3261216e+13   701073.719035   
6.3324288e+13   701072.737526   
6.338736e+13    701073.653609   
6.3450432e+13   701073.016904   
6.3513504e+13   701073.251234   
6.3576576e+13   701072.158881   
6.3639648e+13   701072.485889   
6.370272e+13    701071.881986   
6.3765792e+13   701071.701308   
6.3828864e+13   701077.325525   
6.3891936e+13   701078.363349   
6.3955008e+13   701081.689614   
6.401808e+13    701083.28942    
6.4081152e+13   701085.399698   
6.4144224e+13   701087.509963   
6.4207296e+13   701088.673982   
6.4270368e+13   701088.938827   
6.433344e+13    701090.569743   
6.4396512e+13   701091.786377   
6.4459584e+13   701092.355903   
6.4522656e+13   701094.994145   
6.4585728e+13   701096.57461    
6.46488e+13     701099.04301    
6.4711872e+13   701100.420786   
6.4774944e+13   701102.964698   
6.4838016e+13   701104.265267   
6.4901088e+13   701106.290218   
6.496416e+13    701108.2568     
6.5027232e+13   701109.792917   
6.5090304e+13   701109.927264   
6.5153376e+13   701113.206511   
6.5216448e+13   701113.412167   
6.527952e+13    701116.695588   
6.5342592e+13   701116.996214   
6.5405664e+13   701119.329187   
6.5468736e+13   701120.661165   
6.5531808e+13   701123.410481   
6.559488e+13    701125.282933   
6.5657952e+13   701126.255134   
6.5721024e+13   701128.628006   
6.5784096e+13   701129.324763   
6.5847168e+13   701132.188735   
6.591024e+13    701133.602694   
6.5973312e+13   701135.087415   
6.6036384e+13   701136.489658   
6.6099456e+13   701137.771581   
6.6162528e+13   701137.214625   
6.62256e+13     701138.441698   
6.6288672e+13   701138.673742   
6.6351744e+13   701139.99095    
6.6414816e+13   701140.289271   
6.6477888e+13   701141.034722   
6.654096e+13    701142.512062   
6.6604032e+13   701144.298838   
6.6667104e+13   701144.486052   
6.6730176e+13   701146.68696    
6.6793248e+13   701144.209819   
6.685632e+13    701146.019576   
6.6919392e+13   701144.692595   
6.6982464e+13   701145.349843   
6.7045536e+13   701144.534475   
6.7108608e+13   701145.10233    
6.717168e+13    701144.133867   
6.7234752e+13   701144.822036   
6.7297824e+13   701143.14842    
6.7360896e+13   701144.007966   
6.7423968e+13   701142.804788   
6.748704e+13    701143.038564   
6.7550112e+13   701142.243918   
6.7613184e+13   701141.844249   
6.7676256e+13   701141.100946   
6.7739328e+13   701141.698778   
6.78024e+13     701139.530906   
6.7865472e+13   701140.727899   
6.7928544e+13   701138.977113   
6.7991616e+13   701141.12728    
6.8054688e+13   701140.479177   
6.811776e+13    701141.94454    
6.8180832e+13   701141.343337   
6.8243904e+13   701142.246523   
6.8306976e+13   701141.773219   
6.8370048e+13   701141.201183   
6.843312e+13    701141.662825   
6.8496192e+13   701141.131922   
6.8559264e+13   701142.900893   
6.8622336e+13   701141.747074   
6.8685408e+13   701141.420032   
6.874848e+13    701143.938034   
6.8811552e+13   701141.868168   
6.8874624e+13   701144.431275   
6.8937696e+13   701146.193121   
6.9000768e+13   701146.326139   
6.906384e+13    701146.456071   
6.9126912e+13   701148.456985   
6.9189984e+13   701149.693513   
6.9253056e+13   701150.389371   
6.9316128e+13   701153.917019   
6.93792e+13     701152.251385   
6.9442272e+13   701155.665889   
6.9505344e+13   701156.932487   
6.9568416e+13   701156.527156   
6.9631488e+13   701159.729721   
6.969456e+13    701160.462026   
6.9757632e+13   701161.224998   
6.9820704e+13   701163.269597   
6.9883776e+13   701165.003185   
6.9946848e+13   701164.315923   
7.000992e+13    701167.254655   
7.0072992e+13   701168.916743   
7.0136064e+13   701169.501787   
7.0199136e+13   701171.85756    
7.0262208e+13   701172.077298   
7.032528e+13    701175.307862   
7.0388352e+13   701174.595127   
7.0451424e+13   701177.981211   
7.0514496e+13   701177.872264   
7.0577568e+13   701179.506103   
7.064064e+13    701180.348584   
7.0703712e+13   701182.213639   
7.0766784e+13   701184.814697   
7.0829856e+13   701183.326051   
7.0892928e+13   701186.815034   
7.0956e+13      701186.572776   
7.1019072e+13   701190.172582   
7.1082144e+13   701189.296758   
7.1145216e+13   701192.800302   
7.1208288e+13   701192.108565   
7.127136e+13    701194.319867   
7.1334432e+13   701195.108558   
7.1397504e+13   701195.890849   
7.1460576e+13   701197.330934   
7.1523648e+13   701198.113082   
7.158672e+13    701198.80674    
7.1649792e+13   701199.798008   
7.1712864e+13   701201.083132   
7.1775936e+13   701201.516319   
7.1839008e+13   701202.653715   
7.190208e+13    701198.407612   
7.1965152e+13   701199.175415   
7.2028224e+13   701199.017334   
7.2091296e+13   701196.760181   
7.2154368e+13   701197.538486   
7.221744e+13    701198.93472    
7.2280512e+13   701198.746614   
7.2343584e+13   701197.816078   
7.2406656e+13   701197.057224   
7.2469728e+13   701197.002862   
7.25328e+13     701197.131225   
7.2595872e+13   701196.139899   
7.2658944e+13   701197.221777   
7.2722016e+13   701196.544731   
7.2785088e+13   701198.531178   
7.284816e+13    701199.108733   
7.2911232e+13   701201.91113    
7.2974304e+13   701201.772215   
7.3037376e+13   701204.36719    
7.3100448e+13   701203.395324   
7.316352e+13    701203.252425   
7.3226592e+13   701203.486019   
7.3289664e+13   701204.072738   
7.3352736e+13   701202.46736    
7.3415808e+13   701204.394232   
7.347888e+13    701205.508884   
7.3541952e+13   701207.347957   
7.3605024e+13   701208.078021   
7.3668096e+13   701210.280125   
7.3731168e+13   701210.264361   
7.379424e+13    701208.278594   
7.3857312e+13   701209.533067   
7.3920384e+13   701211.662563   
7.3983456e+13   701211.948916   
7.4046528e+13   701212.007293   
7.41096e+13     701212.870554   
7.4172672e+13   701214.495277   
7.4235744e+13   701216.203087   
7.4298816e+13   701217.309779   
7.4361888e+13   701219.390719   
7.442496e+13    701220.9614     
7.4488032e+13   701224.52395    
7.4551104e+13   701225.49769    
7.4614176e+13   701225.580426   
7.4677248e+13   701229.686946   
7.474032e+13    701230.254964   
7.4803392e+13   701230.268739   
7.4866464e+13   701232.452942   
7.4929536e+13   701232.237191   
7.4992608e+13   701235.183869   
7.505568e+13    701234.942913   
7.5118752e+13   701237.978859   
7.5181824e+13   701238.087639   
7.5244896e+13   701241.155555   
7.5307968e+13   701240.121596   
7.537104e+13    701244.049611   
7.5434112e+13   701244.255391   
7.5497184e+13   701246.291543   
7.5560256e+13   701246.725389   
7.5623328e+13   701249.163038   
7.56864e+13     701250.139077   
7.5749472e+13   701251.922857   
7.5812544e+13   701252.552233   
7.5875616e+13   701253.700475   
7.5938688e+13   701254.860489   
7.600176e+13    701254.444444   
7.6064832e+13   701257.009339   
7.6127904e+13   701257.74447    
7.6190976e+13   701258.451388   
7.6254048e+13   701258.007691   
7.631712e+13    701260.47962    
7.6380192e+13   701259.773235   
7.6443264e+13   701261.209045   
7.6506336e+13   701261.237338   
7.6569408e+13   701261.148893   
7.663248e+13    701261.994176   
7.6695552e+13   701262.735047   
7.6758624e+13   701261.152611   
7.6821696e+13   701261.88275    
7.6884768e+13   701261.182505   
7.694784e+13    701261.368405   
7.7010912e+13   701260.24286    
7.7073984e+13   701260.450334   
7.7137056e+13   701260.20508    
7.7200128e+13   701261.72868    
7.72632e+13     701261.118096   
7.7326272e+13   701263.087132   
7.7389344e+13   701261.005873   
7.7452416e+13   701263.334705   
7.7515488e+13   701261.882268   
7.757856e+13    701260.551774   
7.7641632e+13   701258.825267   
7.7704704e+13   701261.592057   
7.7767776e+13   701263.076314   
7.7830848e+13   701260.54705    
7.789392e+13    701263.618305   
7.7956992e+13   701261.608991   
7.8020064e+13   701261.887379   
7.8083136e+13   701260.625573   
7.8146208e+13   701259.610615   
7.820928e+13    701260.189588   
7.8272352e+13   701260.824649   
7.8335424e+13   701260.25167    
7.8398496e+13   701259.322622   
7.8461568e+13   701260.285606   
7.852464e+13    701260.081026   
7.8587712e+13   701259.353683   
7.8650784e+13   701260.95003    
7.8713856e+13   701260.854356   
7.8776928e+13   701261.570334   
7.884e+13       701261.761564   
7.8903072e+13   701262.855556   
7.8966144e+13   701261.918447   
7.9029216e+13   701263.799504   
7.9092288e+13   701264.755588   
7.915536e+13    701263.760673   
7.9218432e+13   701265.338563   
7.9281504e+13   701267.910741   
7.9344576e+13   701268.200303   
7.9407648e+13   701269.244214   
7.947072e+13    701270.838452   
7.9533792e+13   701272.434439   
7.9596864e+13   701273.316617   
7.9659936e+13   701274.603063   
7.9723008e+13   701275.969535   
7.978608e+13    701276.662162   
7.9849152e+13   701276.814368   
7.9912224e+13   701277.778978   
7.9975296e+13   701279.429828   
8.0038368e+13   701280.685267   
8.010144e+13    701281.975048   
8.0164512e+13   701282.128028   
8.0227584e+13   701285.5372     
8.0290656e+13   701285.688387   
8.0353728e+13   701286.190108   
8.04168e+13     701288.165036   
8.0479872e+13   701289.168476   
8.0542944e+13   701291.142055   
8.0606016e+13   701292.019464   
8.0669088e+13   701294.560744   
8.073216e+13    701294.265742   
8.0795232e+13   701295.698449   
8.0858304e+13   701297.291348   
8.0921376e+13   701298.677082   
8.0984448e+13   701299.959934   
8.104752e+13    701300.43437    
8.1110592e+13   701302.26415    
8.1173664e+13   701302.893964   
8.1236736e+13   701303.67047    
8.1299808e+13   701307.284391   
8.136288e+13    701305.412323   
8.1425952e+13   701307.720753   
8.1489024e+13   701306.770192   
8.1552096e+13   701307.388896   
8.1615168e+13   701308.135119   
8.167824e+13    701308.998883   
8.1741312e+13   701310.566596   
8.1804384e+13   701311.208443   
8.1867456e+13   701313.81044    
8.1930528e+13   701310.767843   
8.19936e+13     701313.110575   
8.2056672e+13   701310.942377   
8.2119744e+13   701311.218234   
8.2182816e+13   701311.789397   
8.2245888e+13   701310.841236   
8.230896e+13    701310.932882   
8.2372032e+13   701310.570115   
8.2435104e+13   701310.396396   
8.2498176e+13   701309.066695   
8.2561248e+13   701311.209515   
8.262432e+13    701309.658567   
8.2687392e+13   701311.295273   
8.2750464e+13   701309.308372   
8.2813536e+13   701310.833706   
8.2876608e+13   701308.914087   
8.293968e+13    701310.300614   
8.3002752e+13   701309.499981   
8.3065824e+13   701309.455646   
8.3128896e+13   701310.859859   
8.3191968e+13   701308.574185   
8.325504e+13    701308.346626   
8.3318112e+13   701308.397879   
8.3381184e+13   701308.077111   
8.3444256e+13   701307.850063   
8.3507328e+13   701307.803407   
8.35704e+13     701307.800258   
8.3633472e+13   701307.391194   
8.3696544e+13   701309.373523   
8.3759616e+13   701307.773262   
8.3822688e+13   701309.500492   
8.388576e+13    701309.928856   
8.3948832e+13   701309.639333   
8.4011904e+13   701309.808942   
8.4074976e+13   701310.702584   
8.4138048e+13   701313.136586   
8.420112e+13    701312.612391   
8.4264192e+13   701314.780747   
8.4327264e+13   701314.411946   
8.4390336e+13   701315.454928   
8.4453408e+13   701314.720523   
8.451648e+13    701315.514451   
8.4579552e+13   701314.6533     
8.4642624e+13   701315.705626   
8.4705696e+13   701314.778844   
8.4768768e+13   701315.85178    
8.483184e+13    701316.12267    
8.4894912e+13   701314.969328   
8.4957984e+13   701315.981969   
8.5021056e+13   701314.984127   
8.5084128e+13   701316.548143   
8.51472e+13     701316.911449   
8.5210272e+13   701316.879977   
8.5273344e+13   701319.465779   
8.5336416e+13   701320.403797   
8.5399488e+13   701321.237938   
8.546256e+13    701321.095603   
8.5525632e+13   701325.382279   
8.5588704e+13   701324.684724   
8.5651776e+13   701326.629106   
8.5714848e+13   701328.449136   
8.577792e+13    701329.912444   
8.5840992e+13   701329.349309   
8.5904064e+13   701330.968991   
8.5967136e+13   701329.440922   
8.6030208e+13   701331.813328   
8.609328e+13    701330.017328   
8.6156352e+13   701330.297741   
8.6219424e+13   701330.030928   
8.6282496e+13   701330.669261   
8.6345568e+13   701331.324005   
8.640864e+13    701330.750998   
8.6471712e+13   701332.479073   
8.6534784e+13   701328.975498   
8.6597856e+13   701331.403983   
8.6660928e+13   701329.4648     
8.6724e+13      701331.098393   
8.6787072e+13   701331.98362    
8.6850144e+13   701332.254484   
8.6913216e+13   701333.529245   
8.6976288e+13   701337.453477   
8.703936e+13    701336.588963   
8.7102432e+13   701338.483733   
8.7165504e+13   701339.81457    
8.7228576e+13   701340.766221   
8.7291648e+13   701341.931933   
8.735472e+13    701343.007135   
8.7417792e+13   701343.355369   
8.7480864e+13   701341.888159   
8.7543936e+13   701343.291358   
8.7607008e+13   701341.694551   
8.767008e+13    701343.878338   
8.7733152e+13   701341.659284   
8.7796224e+13   701341.12142    
8.7859296e+13   701342.618743   
8.7922368e+13   701343.668217   
8.798544e+13    701343.874004   
8.8048512e+13   701346.013961   
8.8111584e+13   701344.905766   
8.8174656e+13   701347.188185   
8.8237728e+13   701344.505747   
8.83008e+13     701346.180701   
8.8363872e+13   701342.631773   
8.8426944e+13   701344.53481    
8.8490016e+13   701340.455018   
8.8553088e+13   701343.305061   
8.861616e+13    701340.589955   
8.8679232e+13   701341.068973   
8.8742304e+13   701339.719481   
8.8805376e+13   701340.589876   
8.8868448e+13   701338.215387   
8.893152e+13    701338.672727   
8.8994592e+13   701337.077549   
8.9057664e+13   701338.601308   
8.9120736e+13   701335.702887   
8.9183808e+13   701339.140365   
8.924688e+13    701338.738832   
8.9309952e+13   701339.873322   
8.9373024e+13   701342.449223   
8.9436096e+13   701346.068538   
8.9499168e+13   701347.864237   
8.956224e+13    701350.777601   
8.9625312e+13   701350.187824   
8.9688384e+13   701354.040594   
8.9751456e+13   701352.619713   
8.9814528e+13   701355.365765   
8.98776e+13     701357.596498   
8.9940672e+13   701357.74236    
9.0003744e+13   701359.526171   
9.0066816e+13   701360.107326   
9.0129888e+13   701360.387837   
9.019296e+13    701360.455865   
9.0256032e+13   701361.14564    
9.0319104e+13   701360.760497   
9.0382176e+13   701362.080009   
9.0445248e+13   701361.835694   
9.050832e+13    701362.204868   
9.0571392e+13   701362.122658   
9.0634464e+13   701364.816791   
9.0697536e+13   701364.981548   
9.0760608e+13   701365.120374   
9.082368e+13    701368.387884   
9.0886752e+13   701366.888806   
9.0949824e+13   701371.84864    
9.1012896e+13   701369.015638   
9.1075968e+13   701374.069279   
9.113904e+13    701370.257535   
9.1202112e+13   701375.659602   
9.1265184e+13   701373.429755   
9.1328256e+13   701377.783165   
9.1391328e+13   701374.598534   
9.14544e+13     701381.268932   
9.1517472e+13   701378.046437   
9.1580544e+13   701383.107469   
9.1643616e+13   701380.622715   
9.1706688e+13   701383.747906   
9.176976e+13    701382.074482   
9.1832832e+13   701386.740162   
9.1895904e+13   701385.254217   
9.1958976e+13   701386.746802   
9.2022048e+13   701387.22139    
9.208512e+13    701390.19332    
9.2148192e+13   701389.856824   
9.2211264e+13   701388.276103   
9.2274336e+13   701392.239615   
9.2337408e+13   701389.603549   
9.240048e+13    701393.422339   
9.2463552e+13   701391.384484   
9.2526624e+13   701395.246685   
9.2589696e+13   701393.924202   
9.2652768e+13   701396.011728   
9.271584e+13    701394.108285   
9.2778912e+13   701399.029278   
9.2841984e+13   701396.750622   
9.2905056e+13   701398.774238   
9.2968128e+13   701399.049684   
9.30312e+13     701400.079705   
9.3094272e+13   701399.501924   
9.3157344e+13   701400.211124   
9.3220416e+13   701398.495027   
9.3283488e+13   701400.698874   
9.334656e+13    701397.759019   
9.3409632e+13   701399.133656   
9.3472704e+13   701398.723058   
9.3535776e+13   701398.821678   
9.3598848e+13   701396.986328   
9.366192e+13    701398.95959    
9.3724992e+13   701398.642811   
9.3788064e+13   701398.314708   
9.3851136e+13   701395.179579   
9.3914208e+13  