0.01953125      3.22771843517   1.05136814906   1.01278007664   0.500204759173  4.72776584078   0.140554651353  0.192826054636  0.0323852712803 1.95844825647   0.000197277632379 
0.0195703125    3.25336960477   1.05166673941   1.01278143737   0.500206319937  4.74794782654   0.141118537165  0.193580769596  0.0326434840586 1.95817792363   0.000197263227893 
0.019609375     3.27927014906   1.0519679434    1.01278280528   0.500207892773  4.76825444213   0.141686244841  0.194340475135  0.0329042198775 1.9579037163    0.000197248732159 
0.0196484375    3.30542311997   1.05227178915   1.01278418041   0.500209477788  4.78868685554   0.142257811754  0.195105218954  0.0331675098101 1.95762557764   0.000197234144554 
0.0196875       3.33183161496   1.0525783052    1.01278556281   0.500211075089  4.80924624884   0.142833275774  0.19587504938   0.0334333853938 1.95734345002   0.000197219464448 
0.0197265625    3.35849877781   1.0528875204    1.01278695256   0.500212684785  4.82993381835   0.143412675275  0.196650015369  0.0337018786411 1.95705727498   0.000197204691211 
0.019765625     3.38542779943   1.05319946401   1.0127883497    0.500214306985  4.85075077489   0.143996049142  0.197430166522  0.0339730220454 1.95676699328   0.000197189824206 
0.0198046875    3.41262191864   1.05351416566   1.01278975428   0.500215941799  4.87169834391   0.144583436786  0.198215553098  0.0342468485926 1.95647254483   0.000197174862798 
0.01984375      3.44008442307   1.05383165536   1.01279116638   0.500217589341  4.89277776576   0.145174878148  0.199006226016  0.0345233917639 1.95617386882   0.000197159806345 
0.0198828125    3.46781864993   1.05415196351   1.01279258604   0.500219249722  4.91399029584   0.145770413711  0.19980223688   0.0348026855566 1.95587090365   0.000197144654202 
0.019921875     3.49582798693   1.05447512093   1.01279401333   0.500220923058  4.93533720483   0.146370084513  0.200603637979  0.0350847644774 1.95556358702   0.000197129405724 
0.0199609375    3.52411587317   1.0548011588    1.0127954483    0.500222609464  4.95681977888   0.146973932154  0.20141048231   0.0353696635701 1.95525185604   0.000197114060259 
0.02            3.55268579997   1.05513010874   1.01279689102   0.500224309058  4.97843931984   0.147581998815  0.20222282359   0.0356574184167 1.95493564743   0.000197098617154 
0.0200390625    3.58154131187   1.05546200277   1.01279834154   0.500226021956  5.00019714543   0.148194327278  0.203040716278  0.0359480651559 1.95461489792   0.000197083075754 
0.020078125     3.6106860075    1.05579687334   1.01279979993   0.50022774828   5.02209458945   0.148810960943  0.203864215593  0.0362416404991 1.95428954479   0.000197067435399 
0.0201171875    3.64012354055   1.05613475331   1.01280126625   0.50022948815   5.044133002     0.149431943833  0.204694655325  0.0365381817422 1.95395952516   0.000197051695427 
0.02015625      3.66985762078   1.05647567599   1.01280274056   0.500231241688  5.0663137499    0.15005732053   0.20553146164   0.0368377267288 1.95362477272   0.000197035855173 
0.0201953125    3.69989201497   1.05681967511   1.01280422292   0.500233009017  5.08863821693   0.150687136164  0.206374073392  0.0371403138474 1.95328521673   0.000197019913971 
0.020234375     3.73023054795   1.05716678487   1.01280571341   0.500234790263  5.11110780404   0.151321436486  0.207222549233  0.0374459820695 1.95294078517   0.000197003871148 
0.0202734375    3.76087710361   1.0575170399    1.01280721207   0.500236585553  5.13372392946   0.151960267907  0.208076948634  0.0377547709773 1.95259140597   0.000196987726032 
0.0203125       3.79183562595   1.0578704753    1.01280871899   0.500238395013  5.15648802895   0.152603677505  0.208937331894  0.0380667207687 1.95223700657   0.000196971477947 
0.0203515625    3.82311012019   1.05822712662   1.01281023421   0.500240218773  5.17940155612   0.153251713028  0.209803760155  0.0383818722693 1.95187751363   0.000196955126214 
0.020390625     3.85470465379   1.0585870299    1.01281175782   0.500242056963  5.2024659826    0.153904422914  0.210676295419  0.038700266943  1.95151285328   0.000196938670152 
0.0204296875    3.8866233576    1.05895022166   1.01281328987   0.500243909717  5.22568279831   0.154561856333  0.211555000586  0.0390219469251 1.95114295208   0.000196922109077 
0.02046875      3.91887042701   1.05931673888   1.01281483044   0.500245777166  5.2490535117    0.1552240632    0.212439939468  0.0393469550286 1.9507677371    0.000196905442303 
0.0205078125    3.95145012308   1.05968661907   1.0128163796    0.500247659447  5.27257965027   0.155891094036  0.213331176701  0.0396753346621 1.95038713015   0.000196888669142 
0.020546875     3.98436677378   1.06005990021   1.0128179374    0.500249556696  5.29626276079   0.156562999927  0.214228777725  0.0400071298268 1.95000104596   0.000196871788901 
0.0205859375    4.01762477512   1.0604366208    1.01281950393   0.500251469052  5.3201044093    0.157239832714  0.21513280892   0.0403423852276 1.94960939896   0.000196854800887 
0.020625        4.05122859238   1.06081681987   1.01282107925   0.500253396653  5.34410618139   0.157921645048  0.216043337651  0.0406811463129 1.94921210457   0.000196837704406 
0.0206640625    4.08518276142   1.06120053694   1.01282266344   0.500255339641  5.36826968249   0.158608490377  0.216960432268  0.041023459259  1.94880907814   0.000196820498759 
0.020703125     4.11949188985   1.06158781209   1.01282425656   0.500257298159  5.39259653822   0.15930042294   0.217884162108  0.0413693709843 1.94840023412   0.000196803183246 
0.0207421875    4.15416065844   1.06197868593   1.01282585869   0.500259272352  5.41708839466   0.159997497777  0.218814597512  0.0417189291432 1.94798548585   0.000196785757166 
0.02078125      4.18919382238   1.06237319962   1.01282746991   0.500261262366  5.44174691865   0.160699770736  0.219751809839  0.0420721821527 1.94756474529   0.000196768219816 
0.0208203125    4.22459621262   1.06277139486   1.01282909029   0.500263268348  5.46657379809   0.161407298485  0.220695871479  0.0424291791863 1.94713792297   0.000196750570489 
0.020859375     4.26037273731   1.06317331393   1.0128307199    0.500265290449  5.49157074225   0.162120138531  0.221646855879  0.0427899702083 1.94670492786   0.000196732808479 
0.0208984375    4.29652838316   1.06357899967   1.01283235882   0.500267328819  5.51673948205   0.162838349229  0.222604837551  0.0431546059581 1.94626566732   0.000196714933076 
0.0209375       4.33306821686   1.06398849552   1.01283400712   0.500269383611  5.54208177039   0.163561989799  0.223569892103  0.0435231379971 1.94582004696   0.00019669694357 
0.0209765625    4.3699973866    1.06440184547   1.0128356649    0.500271454981  5.56759938246   0.164291120338  0.224542096244  0.043895618689  1.9453679706    0.000196678839249 
0.021015625     4.40732112349   1.06481909414   1.01283733221   0.500273543084  5.59329411606   0.165025801841  0.225521527819  0.0442721012394 1.94490934013   0.0001966606194 
0.0210546875    4.44504474315   1.06524028676   1.01283900915   0.500275648079  5.61916779193   0.165766096208  0.226508265813  0.0446526396914 1.94444405552   0.000196642283307 
0.02109375      4.48317364719   1.06566546914   1.0128406958    0.500277770126  5.64522225406   0.166512066268  0.227502390386  0.0450372889521 1.94397201464   0.000196623830255 
0.0211328125    4.52171332486   1.06609468774   1.01284239223   0.500279909388  5.67145937002   0.167263775793  0.228503982883  0.0454261047984 1.94349311326   0.000196605259526 
0.021171875     4.5606693546    1.06652798965   1.01284409853   0.500282066027  5.69788103134   0.168021289515  0.229513125863  0.0458191438941 1.94300724497   0.000196586570402 
0.0212109375    4.60004740576   1.06696542261   1.01284581478   0.500284240211  5.72448915378   0.168784673143  0.23052990312   0.0462164638068 1.94251430114   0.000196567762165 
0.02125         4.63985324018   1.06740703499   1.01284754107   0.500286432106  5.75128567772   0.169553993385  0.231554399705  0.0466181230261 1.94201417086   0.000196548834094 
0.0212890625    4.680092714     1.06785287583   1.01284927748   0.500288641882  5.77827256851   0.170329317967  0.232586701953  0.0470241809714 1.94150674089   0.000196529785469 
0.021328125     4.72077177933   1.06830299486   1.0128510241    0.500290869711  5.80545181679   0.171110715649  0.233626897504  0.0474346980164 1.9409918956    0.00019651061557 
0.0213671875    4.76189648608   1.06875744247   1.01285278101   0.500293115766  5.83282543886   0.171898256252  0.234675075332  0.0478497354975 1.94046951694   0.000196491323673 
0.02140625      4.80347298375   1.06921626976   1.01285454831   0.500295380223  5.86039547704   0.172692010671  0.235731325768  0.0482693557402 1.93993948436   0.000196471909059 
0.0214453125    4.84550752327   1.0696795285    1.01285632608   0.500297663261  5.88816400007   0.173492050904  0.236795740531  0.0486936220648 1.93940167477   0.000196452371005 
0.021484375     4.88800645894   1.07014727121   1.01285811442   0.500299965057  5.91613310341   0.17429845007   0.237868412754  0.0491225988192 1.93885596248   0.000196432708788 
0.0215234375    4.93097625029   1.07061955112   1.0128599134    0.500302285796  5.94430490969   0.17511128243   0.238949437004  0.049556351378  1.93830221916   0.000196412921688 
0.0215625       4.9744234641    1.07109642217   1.01286172314   0.500304625659  5.97268156904   0.175930623416  0.240038909328  0.0499949461767 1.93774031371   0.000196393008983 
0.0216015625    5.01835477635   1.07157793908   1.01286354372   0.500306984835  6.0012652595    0.176756549652  0.241136927268  0.0504384507238 1.93717011228   0.000196372969951 
0.021640625     5.06277697432   1.0720641573    1.01286537523   0.50030936351   6.03005818742   0.177589138972  0.242243589896  0.0508869336149 1.93659147816   0.000196352803872 
0.0216796875    5.10769695863   1.07255513306   1.01286721778   0.500311761876  6.05906258783   0.178428470455  0.243358997845  0.0513404645562 1.93600427169   0.000196332510027 
0.02171875      5.1531217454    1.07305092336   1.01286907146   0.500314180125  6.08828072488   0.179274624445  0.244483253344  0.0517991143918 1.93540835021   0.000196312087696 
0.0217578125    5.19905846838   1.073551586     1.01287093636   0.500316618453  6.11771489222   0.180127682577  0.245616460246  0.0522629551048 1.93480356802   0.000196291536162 
0.021796875     5.2455143812    1.07405717956   1.01287281259   0.500319077056  6.14736741343   0.180987727804  0.246758724063  0.0527320598549 1.93418977623   0.000196270854707 
0.0218359375    5.29249685958   1.07456776345   1.01287470026   0.500321556135  6.17724064242   0.181854844427  0.247910152001  0.0532065029887 1.93356682274   0.000196250042616 
0.021875        5.3400134037    1.0750833979    1.01287659945   0.500324055892  6.20733696389   0.18272911812   0.249070852996  0.0536863600662 1.93293455217   0.000196229099176 
0.0219140625    5.38807164046   1.07560414397   1.01287851027   0.500326576531  6.23765879373   0.183610635962  0.250240937749  0.0541717078776 1.93229280574   0.000196208023675 
0.021953125     5.43667932594   1.07613006358   1.01288043284   0.500329118258  6.26820857947   0.184499486465  0.251420518768  0.0546626244685 1.93164142125   0.000196186815402 
0.0219921875    5.48584434781   1.07666121951   1.01288236725   0.500331681284  6.29898880071   0.185395759607  0.252609710398  0.0551591891649 1.93105419134   0.00019616547365 
0.02203125      5.53557472783   1.0771976754    1.01288431361   0.500334265819  6.33000196959   0.186299546859  0.253808628868  0.0556614825878 1.93066029767   0.000196143997712 
0.0220703125    5.58587862437   1.07773949579   1.01288627204   0.500336872079  6.36125063121   0.187210941226  0.25501739233   0.0561695866819 1.9302568539    0.000196122386886 
0.022109375     5.63676433502   1.07828674612   1.01288824263   0.50033950028   6.39273736412   0.188130037271  0.2562361209    0.0566835847417 1.92984361972   0.000196100640471 
0.0221484375    5.68824029922   1.07883949272   1.01289022551   0.500342150642  6.42446478076   0.189056931161  0.257464936705  0.0572035614338 1.92942034999   0.00019607875777 
0.0221875       5.74031510096   1.07939780287   1.01289222079   0.500344823386  6.45643552795   0.189991720688  0.258703963917  0.0577296028184 1.9289867947    0.000196056738088 
0.0222265625    5.79299747152   1.07996174479   1.01289422858   0.500347518737  6.48865228735   0.190934505319  0.259953328813  0.05826179638   1.92854269887   0.000196034580735 
0.022265625     5.84629629225   1.08053138764   1.01289624899   0.500350236923  6.52111777593   0.191885386225  0.261213159809  0.0588002310491 1.92808780263   0.000196012285023 
0.0223046875    5.90022059746   1.08110680154   1.01289828215   0.500352978173  6.55383474651   0.192844466324  0.262483587518  0.0593449972378 1.92762184106   0.000195989850268 
0.02234375      5.95477957733   1.08168805762   1.01290032817   0.500355742721  6.58680598817   0.193811850316  0.26376474479   0.0598961868475 1.92714454426   0.00019596727579 
0.0223828125    6.00998258083   1.08227522797   1.01290238718   0.500358530801  6.62003432683   0.19478764473   0.265056766771  0.0604538933209 1.92665563728   0.000195944560916 
0.022421875     6.06583911882   1.08286838571   1.0129044593    0.500361342653  6.6535226257    0.195771957959  0.26635979095   0.061018211656  1.92615484008   0.000195921704974 
0.0224609375    6.12235886709   1.08346760498   1.01290654464   0.500364178516  6.68727378582   0.196764900305  0.26767395721   0.0615892384337 1.92564186756   0.000195898707298 
0.0225          6.1795516695    1.08407296095   1.01290864335   0.500367038637  6.72129074654   0.197766584029  0.268999407896  0.0621670718598 1.9251164295    0.000195875567229 
0.0225390625    6.23742754122   1.08468452986   1.01291075553   0.50036992326   6.75557648609   0.198777123388  0.270336287853  0.0627518117816 1.92457823064   0.00019585228411 
0.022578125     6.29599667201   1.08530238899   1.01291288134   0.500372832637  6.79013402204   0.199796634688  0.271684744503  0.0633435597343 1.92402697065   0.000195828857292 
0.0226171875    6.35526942951   1.08592661674   1.01291502088   0.50037576702   6.82496641188   0.200825236333  0.273044927893  0.0639424189582 1.92346234417   0.000195805286131 
0.02265625      6.41525636268   1.08655729257   1.01291717431   0.500378726665  6.86007675354   0.201863048878  0.274416990769  0.0645484944487 1.92288404093   0.00019578156999 
0.0226953125    6.47596820525   1.08719449707   1.01291934175   0.500381711831  6.8954681859    0.202910195078  0.275801088631  0.0651618929792 1.9222917458    0.000195757708239 
0.022734375     6.53741587928   1.08783831198   1.01292152334   0.50038472278   6.93114388936   0.203966799946  0.277197379809  0.0657827231387 1.92168513888   0.000195733700252 
0.0227734375    6.59961049871   1.08848882016   1.01292371922   0.500387759778  6.96710708637   0.205032990812  0.278606025532  0.0664110953784 1.92106389566   0.000195709545414 
0.0228125       6.66256337311   1.08914610563   1.01292592952   0.500390823093  7.00336104198   0.206108897381  0.280027189997  0.0670471220345 1.9204276871    0.000195685243116 
0.0228515625    6.72628601133   1.0898102536    1.0129281544    0.500393912996  7.03990906441   0.207194651794  0.281461040451  0.0676909173838 1.91977617982   0.000195660792755 
0.022890625     6.79079012541   1.09048135048   1.012930394     0.500397029762  7.07675450558   0.208290388694  0.282907747259  0.0683425976648 1.91910903633   0.000195636193738 
0.0229296875    6.8560876344    1.09115948387   1.01293264845   0.50040017367   7.11390076173   0.209396245298  0.284367484003  0.0690022811388 1.91842591536   0.000195611445482 
0.02296875      6.92219066833   1.09184474261   1.01293491792   0.500403345002  7.15135127391   0.21051236147   0.285840427561  0.0696700881282 1.91772647241   0.000195586547409 
0.0230078125    6.98911157226   1.09253721678   1.01293720255   0.500406544041  7.18910952859   0.211638879822  0.287326758222  0.0703461410634 1.9170103606    0.000195561498954 
0.023046875     7.0568629104    1.09323699773   1.0129395025    0.500409771078  7.22717905825   0.212775945797  0.288826659791  0.0710305645461 1.91627723165   0.000195536299561 
0.0230859375    7.12545747026   1.09394417807   1.01294181793   0.500413026402  7.26556344195   0.213923707715  0.290340319643  0.0717234853784 1.91552673452   0.000195510948681 
0.023125        7.19490826697   1.09465885173   1.01294414898   0.500416310311  7.30426630595   0.215082316673  0.29187040978   0.0724250325532 1.91475850999   0.000195485445778 
0.0231640625    7.2652285477    1.09538111392   1.01294649582   0.500419623102  7.34329132439   0.216251926539  0.293417662213  0.073135337262  1.91397218825   0.000195459790326 
0.023203125     7.33643179602   1.0961110612    1.01294885861   0.500422965079  7.38264221985   0.217432694163  0.294979361228  0.0738545329779 1.91316739391   0.000195433981811 
0.0232421875    7.40853173644   1.09684879149   1.01295123752   0.500426336547  7.42232276391   0.218624779552  0.29655571101   0.0745827555291 1.9123437493    0.000195408019729 
0.02328125      7.48154233899   1.09759440406   1.01295363272   0.500429737818  7.46233677775   0.219828345964  0.298146919806  0.0753201431618 1.91150087464   0.00019538190359 
0.0233203125    7.55547782393   1.09834799956   1.01295604437   0.500433169204  7.50268813273   0.221043559981  0.299753200031  0.0760668365823 1.91063838783   0.000195355632914 
0.023359375     7.63035266648   1.09910968006   1.01295847266   0.500436631023  7.54338075105   0.222270591606  0.301374768377  0.0768229790037 1.90975590484   0.000195329207236 
0.0233984375    7.7061816017    1.09987954903   1.01296091774   0.500440123597  7.58441860632   0.223509614347  0.30301184592   0.0775887161936 1.90885303945   0.000195302626104 
0.0234375       7.7829796295    1.10065771139   1.01296337981   0.500443647251  7.62580572428   0.224760805157  0.304664658105  0.0783641964789 1.90792939919   0.000195275889081 
0.0234765625    7.8604136664    1.10144494343   1.01296582671   0.500447193851  7.66910307266   0.229447488591  0.310379397173  0.0789036307582 1.96197953092   0.00019524944275 
0.023515625     7.93905899985   1.10224131305   1.01296825822   0.500450763612  7.71117412325   0.230717276801  0.312042084221  0.0796933425339 1.96201713151   0.00019522239052 
0.0235546875    8.01882831784   1.10304624092   1.01297070643   0.50045436521   7.75363321864   0.232024776164  0.313754868717  0.0804939113814 1.9620527944    0.00019519517837 
0.02359375      8.09963821133   1.10385986343   1.01297317146   0.50045799898   7.79645975119   0.233349004615  0.315488767364  0.0813048765469 1.96208295774   0.000195167808001 
0.0236328125    8.18149696263   1.10468230041   1.01297565347   0.500461665266  7.83965641861   0.234687122693  0.317240252927  0.0821263523739 1.96210624606   0.000195140279317 
0.023671875     8.26442028245   1.10551367109   1.01297815259   0.500465364416  7.883227396     0.236038818373  0.319008978323  0.0829584998008 1.96212218503   0.000195112591997 
0.0237109375    8.34842500861   1.10635409491   1.01298066899   0.500469096783  7.92717705992   0.237404204327  0.32079509585   0.0838014879597 1.96213038408   0.000195084745716 
0.02375         8.43352841074   1.10720369205   1.01298320281   0.500472862725  7.97150986453   0.238783471703  0.322598846145  0.0846554898418 1.96213045559   0.000195056740162 
0.0237890625    8.51974809334   1.10806258371   1.01298575422   0.500476662604  8.01623032503   0.240176829563  0.324420489826  0.0855206817011 1.96212200503   0.000195028575043 
0.023828125     8.60710198427   1.10893089229   1.01298832337   0.500480496786  8.06134301541   0.241584493932  0.326260295591  0.0863972429945 1.96210462983   0.000195000250086 
0.0238671875    8.69560833754   1.10980874155   1.01299091043   0.500484365644  8.1068525686    0.24300668582   0.32811853815   0.0872853564239 1.96207791958   0.000194971765039 
0.02390625      8.78528573878   1.11069625667   1.01299351558   0.500488269554  8.1527636769    0.244443630922  0.329995497934  0.0881852079859 1.96204145649   0.00019494311967 
0.0239453125    8.87615311139   1.11159356433   1.01299613899   0.500492208897  8.19908109265   0.245895559647  0.33189146114   0.0890969870342 1.96199481593   0.000194914313768 
0.023984375     8.96822972276   1.11250079275   1.01299878083   0.500496184059  8.24580962877   0.247362707231  0.333806719882  0.0900208863372 1.96193756706   0.000194885347145 
0.0240234375    9.06153519072   1.11341807179   1.01300144129   0.500500195432  8.2929541594    0.248845313838  0.335741572296  0.0909571021399 1.96186927346   0.000194856219634 
0.0240625       9.15608949003   1.11434553293   1.01300412055   0.500504243412  8.34051962046   0.250343624696  0.337696322722  0.0919058342285 1.96178949387   0.000194826931093 
0.0241015625    9.251912959     1.11528330932   1.01300681879   0.500508328399  8.38851101026   0.251857890214  0.339671281833  0.0928672859879 1.96169778293   0.000194797481403 
0.024140625     9.34902630622   1.11623153584   1.01300953621   0.500512450802  8.43693339008   0.253388366119  0.341666766806  0.0938416644743 1.96159369198   0.00019476787047 
0.0241796875    9.44745061738   1.1171903491    1.013012273     0.50051661103   8.48579188472   0.254935313591  0.343683101478  0.0948291804755 1.96147676986   0.000194738098223 
0.02421875      9.54720736221   1.11815988749   1.01301502936   0.500520809501  8.53509168307   0.256498999397  0.345720616516  0.0958300485778 1.96134656379   0.000194708164621 
0.0242578125    9.64831840148   1.11914029119   1.01301780548   0.500525046637  8.58483803868   0.258079696037  0.347779649587  0.0968444872479 1.96120262019   0.000194678069647 
0.024296875     9.7508059942    1.1201317022    1.01302060157   0.500529322866  8.63503627026   0.259677681892  0.349860545538  0.0978727188935 1.96104448561   0.00019464781331 
0.0243359375    9.85469280483   1.12113426436   1.01302341784   0.50053363862   8.68569176224   0.261293241368  0.351963656566  0.0989149699302 1.96087170757   0.000194617395651 
0.024375        9.96000191059   1.12214812338   1.01302625449   0.500537994339  8.73680996524   0.262926665056  0.354089342415  0.0999714708765 1.96068383545   0.000194586816736 
0.0244140625    10.066756809    1.12317342687   1.01302911174   0.500542390467  8.78839639661   0.264578249891  0.356237970563  0.101042456406  1.96048042138   0.000194556076663 
0.024453125     10.1749814253   1.12421032434   1.01303198981   0.500546827454  8.8404566409    0.266248299307  0.358409916413  0.102128165441  1.96026102106   0.000194525175559 
0.0244921875    10.2847001203   1.12525896723   1.01303488891   0.500551305754  8.89299635029   0.26793712342   0.360605563506  0.103228841226  1.96002519456   0.000194494113583 
0.02453125      10.395937698    1.12631950893   1.01303780927   0.50055582583   8.94602124509   0.269645039187  0.362825303717  0.104344731405  1.95977250716   0.000194462890925 
0.0245703125    10.5087194133   1.12739210481   1.01304075112   0.500560388149  8.99953711411   0.271372370594  0.365069537479  0.105476088104  1.95950253      0.000194431507808 
0.024609375     10.6230709803   1.12847691223   1.01304371469   0.500564993184  9.05354981515   0.273119448837  0.367338673997  0.106623168017  1.95921484085   0.000194399964488 
0.0246484375    10.7390185801   1.12957409056   1.01304670021   0.500569641415  9.10806527528   0.274886612508  0.369633131478  0.107786232478  1.95890902469   0.000194368261257 
0.0246875       10.856588869    1.13068380118   1.01304970793   0.500574333327  9.16308949132   0.276674207797  0.371953337365  0.108965547567  1.95858467425   0.00019433639844 
0.0247265625    10.9758089867   1.13180620754   1.01305273808   0.500579069411  9.21862853008   0.278482588685  0.37429972857   0.110161384169  1.95824139055   0.000194304376398 
0.024765625     11.096706565    1.13294147514   1.01305579091   0.500583850165  9.27468852877   0.280312117161  0.376672751738  0.111374018083  1.95787878325   0.000194272195531 
0.0248046875    11.2193097354   1.13408977156   1.01305886668   0.500588676093  9.33127569521   0.282163163426  0.379072863484  0.112603730097  1.95749647102   0.000194239856274 
0.02484375      11.3436471385   1.13525126647   1.01306196563   0.500593547707  9.38839630813   0.28403610612   0.381500530666  0.113850806088  1.95709408175   0.000194207359101 
0.0248828125    11.469747932    1.13642613165   1.01306508804   0.500598465523  9.4460567174    0.285931332548  0.383956230658  0.115115537112  1.95667125274   0.000194174704528 
0.024921875     11.5976417997   1.13761454103   1.01306823415   0.500603430064  9.50426334419   0.287849238914  0.386440451627  0.116398219492  1.95622763074   0.000194141893106 
0.0249609375    11.72735896     1.13881667064   1.01307140425   0.500608441861  9.56302268118   0.289790230562  0.388953692817  0.11769915492   1.95576287195   0.000194108925433 
0.025           11.8589301751   1.1400326987    1.0130745986    0.500613501451  9.62234129264   0.291754722232  0.391496464859  0.119018650555  1.95527664193   0.000194075802145 
0.0250390625    11.9923867592   1.14126280556   1.01307781748   0.500618609377  9.68222581456   0.293743138311  0.394069290066  0.12035701912   1.95476861541   0.000194042523923 
0.025078125     12.1277605884   1.14250717379   1.01308106118   0.500623766191  9.74268295463   0.295755913108  0.396672702764  0.121714579005  1.95423847606   0.00019400909149 
0.0251171875    12.2650841089   1.1437659881    1.01308432997   0.500628972449  9.80371949231   0.297793491121  0.3993072496    0.123091654374  1.95368591612   0.000193975505615 
0.02515625      12.4043903466   1.14503943544   1.01308762416   0.500634228717  9.86534227877   0.299856327331  0.401973489906  0.124488575266  1.95311063607   0.000193941767113 
0.0251953125    12.5457129158   1.14632770496   1.01309094404   0.500639535566  9.92755823678   0.301944887494  0.404671996028  0.125905677708  1.95251234411   0.000193907876845 
0.025234375     12.6890860289   1.14763098801   1.01309428992   0.500644893576  9.99037436059   0.304059648437  0.407403353691  0.127343303818  1.95189075575   0.00019387383572 
0.0252734375    12.8345445051   1.1489494782    1.01309766209   0.500650303331  10.0537977158   0.306201098389  0.410168162382  0.128801801923  1.95124559315   0.000193839644694 
0.0253125       12.9821237799   1.15028337134   1.01310106088   0.500655765428  10.117835439    0.308369737295  0.412967035722  0.130281526674  1.95057658462   0.000193805304775 
0.0253515625    13.1318599144   1.1516328655    1.0131044866    0.500661280466  10.1824947377   0.310566077158  0.41580060187   0.131782839154  1.94988346393   0.00019377081702 
0.025390625     13.2837896045   1.15299816098   1.01310793958   0.500666849054  10.2477828897   0.312790642395  0.418669503945  0.133306107014  1.94916596967   0.000193736182536 
0.0254296875    13.4379501902   1.15437946035   1.01311142015   0.500672471809  10.3137072429   0.315043970194  0.421574400447  0.134851704582  1.94842384459   0.000193701402485 
0.02546875      13.594379665    1.1557769684    1.01311492864   0.500678149355  10.3802752149   0.317326610907  0.424515965717  0.136420013013  1.94765683485   0.000193666478081 
0.0255078125    13.753116685    1.15719089221   1.01311846541   0.500683882324  10.4474942919   0.319639128431  0.427494890393  0.138011420408  1.9468646893    0.000193631410591 
0.025546875     13.9142005785   1.15862144108   1.01312203079   0.500689671356  10.5153720289   0.321982100628  0.430511881893  0.139626321963  1.94604715883   0.00019359620134 
0.0255859375    14.0776713548   1.16006882657   1.01312562514   0.5006955171    10.5839160483   0.324356119747  0.433567664927  0.141265120109  1.94520399553   0.000193560851706 
0.025625        14.2435697139   1.1615332625    1.01312924883   0.500701420211  10.6531340395   0.326761792869  0.436662982007  0.142928224664  1.94475625121   0.000193525363126 
0.0256640625    14.4119370554   1.16301496491   1.01313290223   0.500707381355  10.7230337582   0.329199742376  0.439798594002  0.144616052982  1.94535800474   0.000193489737095 
0.025703125     14.5828154875   1.1645141521    1.0131365857    0.500713401204  10.7936230248   0.331670606438  0.442975280714  0.146329030126  1.94595868633   0.000193453975167 
0.0257421875    14.7562478364   1.1660310446    1.01314029965   0.500719480439  10.8649097244   0.334175039522  0.446193841471  0.148067589028  1.94655727453   0.000193418078953 
0.02578125      14.9322776549   1.16756586514   1.01314404445   0.500725619751  10.9369018046   0.336713712929  0.449455095766  0.149832170653  1.94715264858   0.000193382050129 
0.0258203125    15.1109492315   1.16911883868   1.0131478205    0.500731819839  11.0096072754   0.339287315356  0.452759883903  0.151623224189  1.94774358091   0.00019334589043 
0.025859375     15.2923075992   1.17069019237   1.01315162822   0.500738081409  11.083034207    0.341896553485  0.456109067702  0.15344120722   1.94832872915   0.000193309601652 
0.0258984375    15.4763985437   1.17228015555   1.01315546801   0.50074440518   11.157190729    0.344542152591  0.459503531201  0.155286585902  1.94890662814   0.000193273185658 
0.0259375       15.6632686127   1.17388895971   1.0131593403    0.500750791876  11.2320850287   0.347224857206  0.462944181442  0.157159835173  1.94947568156   0.000193236644371 
0.0259765625    15.8529651232   1.17551683851   1.01316324553   0.500757242232  11.3077253495   0.349945431793  0.46643194926   0.159061438932  1.9500341537    0.00019319997978 
0.026015625     16.0455361705   1.17716402772   1.01316718412   0.500763756993  11.3841199895   0.352704661468  0.469967790125  0.160991890242  1.95058016123   0.000193163193939 
0.0260546875    16.2410306359   1.17883076522   1.01317115653   0.500770336913  11.4612772992   0.355503352763  0.473552685043  0.16295169153   1.95111166535   0.000193126288969 
0.02609375      16.439498194    1.18051729098   1.01317516322   0.500776982754  11.5392056799   0.358342334422  0.477187641492  0.164941354798  1.95162646432   0.000193089267055 
0.0261328125    16.6409893211   1.182223847     1.01317920465   0.500783695292  11.6179135816   0.361222458248  0.480873694418  0.166961401812  1.95212218691   0.000193052130449 
0.026171875     16.8455553018   1.18395067732   1.0131832813    0.500790475309  11.6974095008   0.364144600004  0.484611907293  0.169012364327  1.95259628681   0.000193014881472 
0.0262109375    17.0532482363   1.18569802796   1.01318739365   0.500797323598  11.7777019781   0.367109660343  0.48840337322   0.171094784265  1.95304603856   0.00019297752251 
0.02625         17.264121047    1.18746614693   1.01319154222   0.500804240964  11.8587995956   0.370118565816  0.492249216118  0.17320921392   1.95346853522   0.000192940056019 
0.0262890625    17.4782274856   1.18925528411   1.01319572749   0.500811228221  11.9407109748   0.373172269916  0.496150591963  0.175356216136  1.95386068833   0.000192902484519 
0.026328125     17.6956221383   1.1910656913    1.01319994999   0.500818286193  12.0234447732   0.376271754181  0.500108690086  0.177536364448  1.95421923063   0.000192864810603 
0.0263671875    17.9163604313   1.19289762213   1.01320421024   0.500825415718  12.1070096814   0.379418029347  0.504124734549  0.179750243217  1.95454072175   0.000192827036927 
0.02640625      18.140498637    1.19475133203   1.01320850879   0.500832617642  12.1914144203   0.382612136594  0.508199985613  0.181998447731  1.95482155766   0.000192789166217 
0.0264453125    18.3680938784   1.19662707818   1.01321284618   0.500839892822  12.2766677373   0.385855148838  0.512335741296  0.184281584304  1.95505798379   0.000192751201266 
0.026484375     18.5992041337   1.19852511945   1.01321722298   0.500847242129  12.362778403    0.389148172125  0.516533339048  0.186600270346  1.95524611243   0.000192713144935 
0.0265234375    18.8338882404   1.20044571639   1.01322163976   0.500854666444  12.4497552071   0.392492347055  0.520794157471  0.188955134384  1.95538194424   0.000192675000152 
0.0265625       19.072205898    1.20238913113   1.0132260971    0.50086216666   12.537606954    0.395888850296  0.525119618146  0.19134681605   1.95546139387   0.00019263676991 
0.0266015625    19.3142176718   1.20435562734   1.01323059561   0.50086974368   12.6263424589   0.39933889612   0.529511187483  0.193775965961  1.95548031941   0.000192598457272 
0.026640625     19.5599849945   1.20634547019   1.01323513588   0.500877398423  12.7159705429   0.402843738036  0.533970378706  0.196243245584  1.95543455496   0.000192560065362 
0.0266796875    19.8095701678   1.20835892625   1.01323971855   0.500885131816  12.8065000279   0.406404670469  0.538498753894  0.198749327026  1.95531994568   0.000192521597374 
0.02671875      20.0630363638   1.21039626346   1.01324434424   0.500892944802  12.8979397312   0.410023030524  0.543097926145  0.201294892773  1.95513238403   0.000192483056564 
0.0267578125    20.3204476246   1.21245775103   1.01324901361   0.500900838334  12.9902984602   0.413700199783  0.547769561777  0.203880635352  1.95486784612   0.000192444446254 
0.026796875     20.5821388457   1.21454366837   1.01325372733   0.500908813395  13.0836507975   0.417439660054  0.552518104858  0.206509408304  1.95459328551   0.000192405754878 
0.0268359375    20.8474549112   1.21665393438   1.01325847989   0.500916889775  13.1770307867   0.420171992697  0.55585652979   0.209750922791  1.95076964805   0.000192366042387 
0.026875        21.1171863623   1.21878884448   1.01326327245   0.50092506876   13.2722107645   0.424032723648  0.560754830016  0.212469949826  1.95033596895   0.000192327207927 
0.0269140625    21.3911097189   1.22094904325   1.01326811241   0.500933332852  13.3683418032   0.427960249905  0.565736636632  0.21523156736   1.94982993366   0.000192288317276 
0.026953125     21.6693110755   1.22313478777   1.01327300051   0.500941683063  13.4654347517   0.431954988893  0.570801417348  0.218036608828  1.9492579677    0.000192249374351 
0.0269921875    21.9518614286   1.22534634683   1.01327793757   0.500950120415  13.5634984825   0.436018590327  0.575950933843  0.220885814286  1.94861935006   0.000192210382909 
0.02703125      22.2388309651   1.22758399195   1.0132829244    0.500958645942  13.6625414974   0.440152838892  0.581187273766  0.223779923001  1.94791316964   0.000192171346817 
0.0270703125    22.5302905439   1.22984799651   1.01328796183   0.500967260692  13.7625722021   0.444359569792  0.586512627091  0.226719681821  1.94713865396   0.000192132270009 
0.027109375     22.8263118211   1.2321386351    1.01329305074   0.500975965724  13.8635989214   0.44864067183   0.59192925947   0.2297058454    1.94629518644   0.000192093156495 
0.0271484375    23.1269672575   1.2344561831    1.01329819199   0.500984762108  13.9656298943   0.452998095088  0.597439513291  0.232739175715  1.94538229885   0.000192054010351 
0.0271875       23.4323301129   1.23680091639   1.0133033865    0.500993650931  14.0686732655   0.457433856523  0.603045812126  0.235820441431  1.94439966017   0.000192014835728 
0.0272265625    23.7424744356   1.23917311116   1.01330863519   0.501002633288  14.172737077    0.461950044176  0.608750665174  0.238950417293  1.94334706418   0.000191975636847 
0.027265625     24.0574750499   1.24157304364   1.01331393901   0.501011710287  14.2778292586   0.466548820749  0.614556671432  0.242129883481  1.94222441629   0.000191936418007 
0.0273046875    24.3774075412   1.24400098999   1.01331929895   0.501020883051  14.383957619    0.471232426948  0.620466523731  0.245359625012  1.94103172037   0.000191897183576 
0.02734375      24.7023482406   1.24645722605   1.013324716     0.501030152713  14.4911298356   0.476003184803  0.626483012778  0.248640431209  1.93976906566   0.000191857938002 
0.0273828125    25.0323742071   1.2489420272    1.0133301912    0.501039520417  14.5993534451   0.48086350098   0.632609031169  0.251973095203  1.93843661422   0.000191818685807 
0.027421875     25.3675632086   1.25145566821   1.0133357256    0.50104898732   14.7086358326   0.48581587017   0.638847577496  0.255358413536  1.93703458899   0.000191779431592 
0.0274609375    25.7079937027   1.25399842299   1.0133413203    0.501058554591  14.8189842219   0.490862878533  0.645201760467  0.258797185839  1.9355632626    0.000191740180033 
0.0275          26.0537448141   1.25657056448   1.01334697642   0.501068223409  14.9304056646   0.496007207213  0.6516748031    0.262290214575  1.93402294702   0.000191700935889 
0.0275390625    26.4048963128   1.25917236441   1.01335269511   0.501077994965  15.0429070295   0.501251635966  0.658270047003  0.265838304901  1.93241398394   0.000191661703994 
0.027578125     26.7615285895   1.26180409314   1.01335847756   0.50108787046   15.1564949911   0.506599046864  0.664990956721  0.269442264577  1.93207529506   0.00019162248926 
0.0276171875    27.1237226303   1.26446601946   1.01336432499   0.501097851106  15.2711760193   0.512052428179  0.671841124275  0.273102903957  1.93315527853   0.00019158329668 
0.02765625      27.4915599904   1.26715841036   1.01337023867   0.501107938125  15.386956367    0.51761487837   0.678824273782  0.276821036031  1.93420349906   0.000191544131322 
0.0276953125    27.8651227661   1.26988153086   1.01337621988   0.501118132749  15.5038420594   0.523289610331  0.685944266382  0.280597476522  1.93521405274   0.00019150180282 
0.027734375     28.2444935658   1.27263564377   1.01338226998   0.501128436222  15.6218388814   0.529079955784  0.693205105312  0.284433043962  1.93618050275   0.000191418570258 
0.0277734375    28.6297554804   1.27542100947   1.01338839035   0.501138849795  15.7409523663   0.53498936993   0.700610941276  0.288328559812  1.9370958735    0.000191315017484 
0.0278125       29.0209920516   1.27823788572   1.0133945824    0.501149374728  15.8611877833   0.541021436324  0.70816607806   0.292284848515  1.93795265696   0.000191189046126 
0.0278515625    29.4182872402   1.28108652738   1.01340084762   0.501160012294  15.9825501256   0.547179872002  0.715874978452  0.296302737558  1.93874283482   0.000191049791309 
0.027890625     29.8217253929   1.28396718619   1.01340718752   0.501170763772  16.1050440979   0.553468532955  0.723742551083  0.300383057556  1.93945792067   0.000190881895849 
0.0279296875    30.2313912079   1.28688011056   1.01341360367   0.50118163045   16.2286741038   0.559891419872  0.731786146124  0.304526642294  1.94008902566   0.000190716189747 
0.02796875      30.6473697008   1.2898255453    1.0134200977    0.501192613628  16.3534442333   0.566452684243  0.739998245469  0.308734328713  1.94062694938   0.000190518111597 
0.0280078125    31.0697461684   1.29280373134   1.01342667128   0.501203714611  16.4793582499   0.573156634775  0.748384025267  0.313006956823  1.941062298     0.000190311564808 
0.028046875     31.498606154    1.29581490553   1.01343332614   0.501214934714  16.6064195785   0.580007744149  0.756948856097  0.317345369566  1.94138562925   0.000190108098953 
0.0280859375    31.9340354103   1.29885930035   1.01344006407   0.501226275262  16.7346312927   0.587010656209  0.76569831133   0.321750412637  1.94158762193   0.000189868403834 
0.028125        32.37611986     1.30193714364   1.01344688693   0.501237737585  16.8639961017   0.594170193477  0.774638175871  0.326222934247  1.94165926451   0.000189624706003 
0.0281640625    32.824945561    1.30504865836   1.01345379664   0.501249323025  16.9945163384   0.601491365099  0.783774455405  0.330763784893  1.94159205423   0.000189385073689 
0.028203125     33.2805986691   1.30819406228   1.01346079516   0.501261032928  17.1261939475   0.608979375208  0.79311338614   0.335373817052  1.94137819608   0.000189119146978 
0.0282421875    33.7431654007   1.31137356771   1.01346788457   0.501272868652  17.2590304731   0.616639631746  0.802661445096  0.340053884873  1.94101078871   0.000188839383  
0.02828125      34.2127319956   1.31458738127   1.01347506698   0.50128483156   17.3930270469   0.624477755733  0.812425360896  0.34480484382   1.9404839846    0.000188564770204 
0.028320291762  34.689407133    1.31783398099   1.01348234071   0.501296916587  17.5281843773   0.632499591048  0.822412125172  0.349626554168  1.93979311277   0.000188287947121 
0.0283590755231 35.1732776258   1.32109359928   1.01348966309   0.501309050493  17.664433242    0.64070852969   0.832625553413  0.354506807448  1.93893519637   0.00018797467774 
0.0283976052561 35.661357658    1.32436620257   1.01349703558   0.501321233531  17.800968173    0.649078348702  0.843031481758  0.359428756768  1.93791413599   0.000187669649648 
0.0284358848994 36.1534940785   1.32765163013   1.01350445951   0.501333465772  17.9377549819   0.657601072144  0.853620204335  0.364391424377  1.93673216756   0.000187372754723 
0.0284739183245 36.6496584168   1.33094971769   1.01351193614   0.501345747286  18.0747817389   0.666275934922  0.864390951322  0.369394586461  1.93539271086   0.000187063804162 
0.0285117093345 37.1498375976   1.3342602996    1.01351946677   0.501358078143  18.2120386191   0.675104944457  0.875346216939  0.374438119661  1.93390009638   0.000186731235381 
0.0285492612934 37.6540221184   1.3375831762    1.01352705262   0.501370458291  18.3495161536   0.684091240038  0.88648978316   0.379521903059  1.93225936613   0.000186407913458 
0.028586573966  38.1622025634   1.34091783023   1.01353469423   0.501382886495  18.4872036475   0.693238419923  0.897825935484  0.384645606261  1.93047611218   0.000186093734041 
0.028623651114  38.6743145506   1.34426409779   1.01354239297   0.501395362838  18.6250778564   0.702549805992  0.909358561398  0.389808820052  1.92855645511   0.000185773111897 
0.028660496432  39.1903455765   1.34762181203   1.01355015025   0.501407887401  18.7631291388   0.712029239222  0.921092204133  0.395011426969  1.92650662679   0.000185423600127 
0.0286971135483 39.7102854555   1.3509908053    1.01355796749   0.501420460267  18.9013482849   0.721680844195  0.933031743837  0.400253323601  1.92433294067   0.000185084352754 
0.0287335060258 40.2341241725   1.35437090918   1.01356584618   0.501433081516  19.0397261356   0.731508932688  0.945182277453  0.40553440767   1.92204169274   0.000184755210646 
0.0287696773639 40.7618516523   1.35776195457   1.01357378782   0.501445751233  19.1782535542   0.741517968548  0.957549077283  0.410854576583  1.91963907951   0.00018443601629 
0.0288056309995 41.2934577405   1.36116377166   1.01358179397   0.501458469499  19.3169214279   0.751712556299  0.970137578215  0.416213727353  1.91713113572   0.000184079753443 
0.0288413703083 41.8289322283   1.36457619005   1.01358986621   0.501471236398  19.4557206746   0.762097439231  0.98295337592   0.421611756796  1.91452368972   0.000183726059727 
0.0288768986065 42.3682648895   1.36799903871   1.01359800617   0.501484052013  19.594642252    0.772677501495  0.996010607833  0.427048561883  1.91508098145   0.000183383429809 
0.0289122191512 42.9114455233   1.37143214605   1.01360621553   0.501496916428  19.7336771652   0.783457771922  1.00931929801   0.43252404012   1.91583148291   0.000183051682103 
0.0289473351423 43.4584640005   1.37487533998   1.013614496     0.501509829727  19.8728164772   0.794443428623  1.02287337368   0.438038089962  1.9164450423    0.000182727331988 
0.0289822497235 44.009310312    1.37832844792   1.01362284934   0.501522791994  20.0120513172   0.80563980404   1.03667911214   0.443590611242  1.91691382231   0.000182359930841 
0.029016965983  44.5639746198   1.3817912968    1.01363127736   0.501535803313  20.1513728914   0.817052390408  1.05074297636   0.449181505633  1.91723067581   0.000182004565933 
0.0290514869551 45.1224473108   1.38526371321   1.01363978192   0.501548863766  20.2907724919   0.828686845514  1.06507162182   0.454810677148  1.91738931661   0.000181297117933 
0.0290858156209 45.684719051    1.3887455233    1.01364836491   0.50156197344   20.4302415077   0.840548998722  1.07967190362   0.460478032658  1.91738447686   0.000180563214526 
0.0291199549096 46.2507808438   1.39223655293   1.01365702829   0.501575132415  20.5697714347   0.852644857257  1.09455088396   0.466183482428  1.91721204185   0.000179853731021 
0.029153907699  46.8206240888   1.39573662765   1.01366577406   0.501588340777  20.7093538863   0.864980612746  1.1097158399    0.471926940703  1.9168691537    0.000179168202847 
0.0291876768172 47.3942406438   1.39924557275   1.01367460429   0.501601598608  20.8489806043   0.877562648046  1.12517427141   0.477708326296  1.91635427712   0.000178506169563 
0.0292212650427 47.9716228887   1.4027632133    1.01368352109   0.501614905989  20.9886434701   0.890397544325  1.14093390986   0.483527563203  1.9156672234    0.000177745331862 
0.0292546751058 48.5527637913   1.40628937419   1.01369252663   0.501628263004  21.1283345158   0.903492088465  1.15700272678   0.489384581253  1.91480913125   0.000176986084191 
0.0292879096897 49.1376569763   1.40982388017   1.01370162315   0.501641669733  21.2680459359   0.916853280766  1.17338894304   0.495279316787  1.91378240687   0.000176252842382 
0.0293209714305 49.7262967953   1.41336655589   1.01371081293   0.501655126257  21.4077700992   0.930488342968  1.19010103843   0.501211713359  1.91259062832   0.000175545092219 
0.0293538656722 50.318977255    1.41691647439   1.01372005084   0.501668614693  21.5458047687   0.94148449133   1.20354104594   0.506237510241  1.94107468795   0.000174861740126 
0.029386592163  50.9156305343   1.42047325718   1.01372933568   0.50168213352   21.6855721627   0.955553535867  1.22075687352   0.512221277661  1.94087533999   0.000174203540572 
0.0294191534842 51.5154876575   1.42403782048   1.01373871494   0.501695701295  21.8252429146   0.969935931305  1.23834726724   0.518239130496  1.94045635644   0.000173569303991 
0.0294515521034 52.1190293603   1.42760993087   1.01374819122   0.501709318105  21.9648883656   0.984636340989  1.25631604061   0.524293984513  1.93982046036   0.00017292644722 
0.0294837904376 52.7263083229   1.43118939869   1.0137577671    0.501722984026  22.1045104918   0.999656680504  1.27466479316   0.530386142598  1.9389695745    0.000172191283985 
0.0295158708614 53.3373267193   1.43477603745   1.01376744517   0.501736699131  22.2441036474   1.01500202175   1.29339944368   0.536515609819  1.93790841964   0.000171482765684 
0.0295477957081 53.9520833899   1.43836966347   1.01377722808   0.501750463491  22.383661611    1.03067962516   1.31252861689   0.542682382434  1.93664385046   0.000170800335001 
0.0295795333875 54.5706535497   1.44196625924   1.013787108     0.501764262415  22.5231784534   1.04669801564   1.33206242951   0.548884164661  1.93518441096   0.000170144132995 
0.0296110262784 55.1925115214   1.44555876279   1.01379706836   0.501778069328  22.6625100979   1.06305756794   1.35200062765   0.555112983047  1.93354131031   0.000169514731017 
0.029642279514  55.816404515    1.44914715324   1.01380711178   0.501791884626  22.8013967823   1.07974688576   1.37232834417   0.561361622894  1.93172858964   0.000168911349187 
0.0296732980986 56.4422349016   1.45273138183   1.01381724081   0.501805708646  22.9398266122   1.09676453595   1.39304373802   0.567629485245  1.92975902385   0.000168333224638 
0.0297040869021 57.0699893549   1.45631140077   1.01382745802   0.501819541724  23.0778002634   1.11411424538   1.41415131387   0.573916511288  1.92764513409   0.000167710221571 
0.0297346506625 57.6996712705   1.45988716405   1.01383776599   0.501833384189  23.2153204174   1.13180232256   1.43565863115   0.580222763561  1.92539907167   0.000167033102437 
0.0297649939904 58.3312904185   1.46345862729   1.01384816737   0.501847236365  23.3523904794   1.14983645073   1.45757483797   0.586548356908  1.9230324645    0.000166383719132 
0.0297951213724 58.9648603297   1.46702574774   1.01385866488   0.501861098572  23.4890143019   1.16822512057   1.47991000543   0.592893439979  1.92162776538   0.000165761265698 
0.0298250371748 59.6003973997   1.47058848408   1.01386926126   0.501874971124  23.625196099    1.18697736133   1.50267482045   0.599258188727  1.92401028514   0.000165164958176 
0.0298547456474 60.2379205401   1.47414679639   1.01387995937   0.501888854329  23.7609404149   1.20610261409   1.52588044393   0.60564280389   1.92630002682   0.00016459403416 
0.0298842509271 60.8774510458   1.47770064607   1.01389076211   0.501902748491  23.8962521129   1.22561067374   1.54953844744   0.612047510118  1.92848525917   0.000164047752358 
0.0299135570411 61.5190125616   1.48124999572   1.01390167246   0.501916653907  24.0311363734   1.24551166479   1.57366078782   0.618472555867  1.93055339194   0.000163525392162 
0.0299426679104 62.162631097    1.48479480913   1.01391269348   0.50193057087   24.1655986966   1.26581603425   1.59825980051   0.624918213664  1.93249105748   0.000162965191109 
0.0299715873526 62.8083350663   1.4883350512    1.01392382832   0.501944499665  24.299644907    1.28653455306   1.62334820239   0.63138478057   1.93428425813   0.000162339875269 
0.0300003190854 63.4561553421   1.49187068788   1.01393508018   0.501958440575  24.4332811599   1.30767832224   1.64893909964   0.63787257878   1.93591859227   0.000161741137954 
0.030028866729  64.1061253176   1.49540168611   1.0139464524    0.501972393873  24.5665139483   1.32925878147   1.67504599831   0.644381956265  1.93737956899   0.000161168208252 
0.0300572338095 64.7582809744   1.49892801382   1.01395794837   0.50198635983   24.6993501105   1.35128771921   1.70168281659   0.650913287486  1.93865301429   0.000160620335984 
0.0300854237609 65.4126609544   1.50244963986   1.01396957159   0.50200033871   24.8317968387   1.37377728375   1.72886389811   0.65746697414   1.93972556077   0.000160096791312 
0.0301134399285 66.0693066356   1.50596653394   1.01398132565   0.502014330769  24.9638616868   1.39673999503   1.75660402607   0.664043445938  1.94058519811   0.000159596864347 
0.0301412855708 66.7282622112   1.50947866665   1.01399321425   0.502028336259  25.0955525802   1.42018875706   1.78491843814   0.670643161443  1.94122184585   0.00015911986476 
0.0301689638621 67.3895747723   1.51298600939   1.01400524119   0.502042355427  25.2268778247   1.44413687073   1.81382284177   0.677266608916  1.9416278958    0.0001586651214 
0.0301964778951 68.0532943937   1.51648853433   1.01401741038   0.502056388512  25.3578461168   1.46859804728   1.84333343038   0.683914307213  1.94179866436   0.000158083874639 
0.0302238306827 68.7194742235   1.51998621444   1.01402972586   0.502070435747  25.4884665537   1.4935864222    1.87347608136   0.690586806721  1.94173269807   0.000157523527224 
0.0302510251607 69.3881705761   1.52347902338   1.01404219175   0.50208449736   25.6187486444   1.51911656961   1.90426314731   0.697284690339  1.9414318909    0.000156988239766 
0.0302780641892 70.0594430292   1.52696693556   1.01405481233   0.502098573572  25.7487023207   1.5452035172    1.93570803584   0.704008574486  1.94090139663   0.00015647728564 
0.0303049505553 70.7333545244   1.53044992606   1.01406759199   0.502112664598  25.8783379494   1.57186276161   1.96782905646   0.71075911017   1.94014934857   0.00015598995759 
0.0303316869747 71.4099714719   1.53392797065   1.01408053526   0.502126770648  26.007666344    1.59911028447   2.00064509402   0.717536984115  1.93918642517   0.000155525567379 
0.0303582760934 72.0893638593   1.53740104572   1.0140936468    0.502140891922  26.1366987783   1.62696256886   2.03417562855   0.724342919886  1.9380253165    0.000155083445434 
0.0303847204901 72.7716053653   1.54086912833   1.01410693142   0.502155028618  26.2654469995   1.65543661642   2.06844075576   0.731177679138  1.93668015205   0.0001546629405 
0.0304110226772 73.4567734767   1.54433219611   1.01412039408   0.502169180925  26.3939232425   1.68454996497   2.10346120835   0.738042062855  1.93516594405   0.000154246543308 
0.0304371851029 74.1449496122   1.54779022732   1.01413403988   0.502183349025  26.5221402447   1.71432070685   2.13925837806   0.744936912676  1.93349808738   0.000153711952212 
0.030463210153  74.8362192494   1.5512432008    1.0141478741    0.502197533096  26.6501112612   1.74476750782   2.17585433844   0.751863112272  1.93169194114   0.00015320204811 
0.0304891001518 75.5306720575   1.55469109595   1.01416190218   0.502211733307  26.7778500814   1.77590962658   2.21327186847   0.758821588762  1.92976250169   0.000152716118408 
0.0305148573644 76.2284020355   1.55813389274   1.01417612973   0.502225949823  26.9053710451   1.80776693499   2.25153447698   0.765813314206  1.92772416554   0.000152253469123 
0.0305404839973 76.9295076562   1.56157157167   1.01419056254   0.502240182799  27.0326890607   1.84035993897   2.29066642792   0.772839307143  1.92559057252   0.000151813424562 
0.0305659822008 77.6340920165   1.56500411378   1.0142052066    0.502254432386  27.1598196236   1.87370980007   2.33069276648   0.779900634198  1.92337451589   0.000151395327003 
0.0305913540692 78.342262993    1.56843150064   1.01422006808   0.502268698727  27.2867788354   1.90783835774   2.3716393461    0.786998411741  1.9210879049    0.000150998536372 
0.0306166016431 79.0541334039   1.57185371431   1.01423515336   0.50228298196   27.4135834241   1.94276815234   2.41353285636   0.794133807587  1.91911114438   0.00015062242992 
0.0306417269099 79.7698211778   1.57527073738   1.01425046904   0.502297282213  27.5402507649   1.97852244896   2.45640085193   0.801308042822  1.9212352057    0.000150266401909 
0.0306667318056 80.4894495289   1.5786825529    1.01426602193   0.502311599611  27.6667989027   2.01512526185   2.50027178224   0.808522393602  1.92326055147   0.000149806375492 
0.0306916182153 81.2131471393   1.58208914443   1.01428181907   0.50232593427   27.7932465747   2.05260137982   2.54517502244   0.815778193112  1.92518176229   0.000149332816966 
0.0307163879749 81.9410483497   1.58549049599   1.01429786775   0.502340286298  27.9196132348   2.09097639224   2.59114090502   0.823076833532  1.92699364601   0.000148882560752 
0.0307410394612 82.6733062564   1.58888612265   1.01431417323   0.502354653809  28.0459190784   2.13027671602   2.63820075275   0.830419475699  1.9286913502    0.000148454993185 
0.0307655733543 83.4099788546   1.59227585994   1.01433074247   0.502369036242  28.1721701463   2.17052734262   2.68638410011   0.837806973754  1.93027038378   0.000148049469566 
0.0307899914394 84.1511743207   1.5956597009    1.01434758343   0.502383433698  28.2983818773   2.2117541237    2.7357215686    0.845240624224  1.93172690872   0.000147665340994 
0.0308142954529 84.8970421977   1.59903763851   1.01436470432   0.502397846265  28.424576133    2.2539845511    2.78624579231   0.852722003323  1.93305788399   0.000147301976001 
0.0308384870837 85.6477435803   1.60240966596   1.01438211363   0.502412274025  28.5507762055   2.29724748638   2.83799105549   0.860252789844  1.93426116536   0.000146958760451 
0.0308625679739 86.4034478323   1.60577577676   1.01439982015   0.502426717054  28.6770063949   2.34157299994   2.89099309026   0.867834744355  1.93533561343   0.000146635097183 
0.0308865397194 87.1643319733   1.60913596463   1.01441783296   0.502441175417  28.8032919476   2.38699229127   2.94528898045   0.875469705574  1.93628118973   0.000146330405669 
0.0309104038714 87.9305806128   1.61249022361   1.01443616146   0.502455649174  28.9296590592   2.43353765648   3.00091712446   0.883159590551  1.93709902954   0.000145892313978 
0.0309341619366 88.7023860598   1.61583854794   1.0144548154    0.502470138376  29.0561348945   2.48124248345   3.0579172317    0.890906396226  1.93779148307   0.000145464507877 
0.0309578153785 89.4799485118   1.61918093214   1.01447380484   0.502484643067  29.1827476165   2.53014126293   3.11633033822   0.898712201582  1.93836211921   0.000145059086437 
0.030981365618  90.2634762873   1.62251737098   1.01449314023   0.50249916328   29.3095264199   2.58026960959   3.17619883386   0.906579170209  1.93881568881   0.000144675398821 
0.0310048140344 91.0531860881   1.62584785945   1.01451283239   0.502513699045  29.4365015674   2.63166428888   3.23756649657   0.914509553127  1.93915804828   0.000144312811339 
0.0310281619656 91.8493032813   1.6291723928    1.0145328925    0.50252825038   29.5637044293   2.6843632479    3.30047853128   0.922505691823  1.93939604638   0.000143970707133 
0.0310514107095 92.6520622005   1.63249096649   1.01455333219   0.502542817298  29.6911675248   2.73840564873   3.36498161177   0.930570021434  1.93953738029   0.000143648485861 
0.0310745615452 93.4614670216   1.63580351696   1.01457416354   0.502557400297  29.8188421469   2.79383056398   3.43112444143   0.938717481753  1.93959375802   0.000143345566161 
0.0310976156765 94.2781547423   1.6391100396    1.01459539902   0.502571999371  29.9469135963   2.85068058013   3.49895621141   0.946925369217  1.93956764799   0.000143061374157 
0.0311205742803 95.1023106002   1.64241059227   1.01461705146   0.502586614034  30.075359527    2.90899882555   3.56852668321   0.955209762834  1.93947121248   0.000142795360011 
0.0311434384987 95.9341528899   1.64570517011   1.01463913426   0.502601244267  30.2042095209   2.9688301653    3.63989014177   0.963573164955  1.93931384012   0.000142453356433 
0.0311662094372 96.7739571369   1.64899376952   1.01466166132   0.502615890039  30.3335014467   3.03022037195   3.71310154365   0.972018474851  1.93910481432   0.000142055811813 
0.0311888881644 97.6220166207   1.65227638703   1.01468464705   0.502630551314  30.4632754713   3.09321662395   3.78821741442   0.980548750617  1.93885318258   0.000141680108781 
0.0312114757126 98.478637443    1.65555301938   1.01470810638   0.502645228046  30.5935734234   3.15786758874   3.86529603379   0.989167179183  1.93856761249   0.00014132561991 
0.0312339730785 99.3441379082   1.65882366358   1.01473205481   0.50265992018   30.7244387255   3.22422347025   3.94439752732   0.99787707368   1.93825625436   0.000140991733999 
0.0312563812235 100.218848709   1.66208831685   1.01475650842   0.502674627654  30.8559164254   3.29233604988   4.02558762187   1.00668187612   1.93792661546   0.000140677855774 
0.0312787010741 101.103113298   1.66534697662   1.01478148388   0.502689350397  30.9880532513   3.36225872679   4.10893607173   1.01558516134   1.93758544544   0.000140383405593 
0.0313009335223 101.997288323   1.66859964055   1.0148069985    0.502704088328  31.1208976736   3.4340465588    4.1944996663    1.02459064142   1.93723863131   0.000140107819146 
0.031323079426  102.901744075   1.67184630647   1.01483307022   0.502718841359  31.2544999712   3.50775630398   4.28234653955   1.03370217013   1.93689110021   0.00013985054717 
0.0313451396095 103.816864974   1.67508697243   1.01485971768   0.502733609391  31.3889122995   3.58344646318   4.37254696544   1.04292374762   1.93654672758   0.000139611055155 
0.0313671148637 104.743050052   1.67832163664   1.0148869602    0.502748392318  31.5241887617   3.66117732294   4.46517341475   1.05225952514   1.93620824868   0.000139388823056 
0.0313890059466 105.680713466   1.68155029752   1.01491481785   0.502763190023  31.6603854819   3.74101099895   4.56030061267   1.06171380983   1.93587717262   0.000139064115419 
0.0314108135833 106.630285022   1.68477295364   1.01494331143   0.502778002381  31.7975606814   3.82301147959   4.65800559665   1.07129106967   1.93555369789   0.000138703338943 
0.0314325384668 107.592210711   1.68798960374   1.01497246256   0.502792829257  31.9357747564   3.90724466968   4.75836777487   1.08099593841   1.93523663047   0.000138363710653 
0.0314541812577 108.566953268   1.69120024673   1.01500229365   0.502807670505  32.0750903591   3.99377843393   4.86146898483   1.09083322076   1.93492330574   0.000138044632483 
0.031475742585  109.554992739   1.6944048817    1.01503282798   0.50282252597   32.2155724807   4.08268264022   4.96739355193   1.1008078974    1.9346095175    0.000137745521583 
0.031497223046  110.556827068   1.69760350788   1.01506408968   0.502837395488  32.3572885366   4.17402920242   5.07622834819   1.11092513017   1.93428945911   0.000137465810037 
0.0315186232068 111.572972696   1.70079612467   1.01509610383   0.50285227888   32.5003084543   4.26789212266   5.18806285076   1.12119026736   1.93395568368   0.000137204944571 
0.0315399436024 112.603965182   1.70398273164   1.01512889641   0.50286717596   32.6447047628   4.36434753292   5.3029892       1.13160884902   1.93359909122   0.000136962386276 
0.0315611847369 113.650359824   1.70716332851   1.01516249442   0.502882086528  32.7905526856   4.46347373563   5.42110225715   1.14218661225   1.93320895295   0.000136737610329 
0.0315823470837 114.712732312   1.71033791518   1.01519692586   0.502897010374  32.9379302337   4.56535124334   5.54249966136   1.15292949654   1.9327729839    0.000136530105712 
0.0316034310858 115.79167938    1.7135064917    1.01523221977   0.502911947275  33.0869183022   4.67006281722   5.66728188605   1.16384364925   1.93227747498   0.000136339374941 
0.0316244371561 116.887819483   1.71666905832   1.01526840629   0.502926896992  33.2376007679   4.77769350448   5.79555229454   1.1749354311    1.93170749422   0.00013609330449 
0.0316453656772 118.00179348    1.71982561548   1.01530551669   0.502941859276  33.3900645887   4.88833067424   5.92741719469   1.18621142182   1.93104716453   0.000135754113068 
0.0316662170022 119.134265335   1.7229761638    1.01534358338   0.502956833863  33.5443999046   5.00206405203   6.06298589248   1.19767842582   1.93028002015   0.000135435887981 
0.0316869914542 120.285922827   1.72612070413   1.01538264001   0.502971820472  33.7007001403   5.11898575233   6.20237074416   1.20934347785   1.92938943804   0.000135138050889 
0.0317076893271 121.457478276   1.72925923753   1.01542272144   0.502986818808  33.8590621085   5.23919030917   6.34568720677   1.22121384868   1.92835913186   0.000134860037826 
0.0317283108852 122.649669277   1.73239176535   1.01546386384   0.503001828558  34.0195861148   5.36277470431   6.49305388678   1.2332970511    1.92717368774   0.000134601298917 
0.0317488563639 123.863259442   1.73551828916   1.0155061047    0.503016849394  34.1823760628   5.48983839304   6.64459258665   1.24560084593   1.92581911324   0.000134361298089 
0.0317693250965 125.099044628   1.73863867782   1.01554948101   0.503031880324  34.3475395596   5.62048332734   6.80042834929   1.25813313605   1.92428336565   0.000134139522085 
0.0317897143221 126.357824666   1.74175248446   1.01559402649   0.503046918804  34.5151833126   5.75481196099   6.96068706348   1.27090155684   1.9225569645    0.000133935488445 
0.0318100242134 127.640308467   1.74485971289   1.0156397823    0.503061964428  34.6854053201   5.89292275088   7.12549006726   1.28391367476   1.92063360996   0.00013374869173 
0.0318302549148 128.94732425    1.74796036675   1.015686791     0.503077016769  34.8583197131   6.03491868676   7.29496452751   1.29717790851   1.91850955619   0.000133578639239 
0.0318504065422 130.279746702   1.75105445      1.01573509662   0.503092075375  35.0340466641   6.18090670071   7.46924267152   1.3107030739    1.9161842638    0.000133424851244 
0.0318704791827 131.638486587   1.75414196696   1.01578474473   0.503107139771  35.2127111147   6.33099714677   7.64846116708   1.32449831507   1.91366037146   0.000133126859048 
0.0318904728951 133.024488229   1.75722292241   1.01583578245   0.503122209459  35.394442509    6.48530344884   7.83276071805   1.33857308746   1.91094354701   0.000132816897398 
0.0319103877101 134.43872883    1.76029732158   1.01588825855   0.503137283912  35.5793747353   6.64394186582   8.02228580603   1.35293715391   1.90804225177   0.000132527708125 
0.0319302236303 135.882218429   1.76336517028   1.01594222347   0.50315236258   35.7676461324   6.80703133134   8.21718452375   1.36760058583   1.90496743581   0.000132258728614 
0.031949980631  137.356000159   1.76642647491   1.01599772936   0.503167444882  35.9593995238   6.97469334061   8.41760846628   1.38257376713   1.90173218704   0.000132009410014 
0.0319696586602 138.86115066    1.76948124261   1.01605483016   0.503182530212  36.154782264    7.1470518655    8.62371974886   1.39786739951   1.89835137982   0.000131779216901 
0.0319892576388 140.398780579   1.77252948128   1.01611358166   0.503197617932  36.3539462883   7.32423328574   8.83567927086   1.41349250898   1.89484131233   0.00013156762696 
0.0320087774616 141.970035125   1.77557119972   1.0161740415    0.503212707376  36.5570481633   7.50636632937   9.05363857285   1.42946045345   1.89121932706   0.000131374130664 
0.0320282179971 143.57609465    1.77860640772   1.01623626928   0.503227797847  36.7642491341   7.6935820175    9.27776258391   1.44578293068   1.887503457     0.000131198230955 
0.0320475790883 145.218175232   1.78163511619   1.0163003266    0.503242888617  36.9757151652   7.88601361012   9.50821949172   1.46247198638   1.88371210759   0.000131039442943 
0.0320668605528 146.897529269   1.78465733726   1.01636627708   0.503257978929  37.1916169754   8.08379655055   9.7451807085    1.47954002218   1.87986377745   0.000130897293598 
0.0320860621837 148.615446058   1.78767308444   1.01643418651   0.503273067993  37.4121300642   8.28706840624   9.98882083319   1.49699980209   1.87597685299   0.000130729571239 
0.03210518375   150.373252364   1.79068237275   1.01650412279   0.503288154987  37.6374347293   8.49596880358   10.2393176076   1.51486445851   1.87206945301   0.000130416039877 
0.0321242254205 152.172535331   1.79368601044   1.01657616214   0.503303240724  37.8660886369   8.71065486132   10.4968665509   1.53262877679   1.86808715319   0.000130124214252 
0.0321431864673 154.015012315   1.79668389663   1.0166503757    0.503318324009  38.1016149766   8.93129803943   10.7616925714   1.55134734417   1.86418583543   0.000129853517339 
0.0321620666042 155.901226738   1.79967531679   1.01672683422   0.503333402651  38.342459499    9.15798784866   11.033911785    1.57050999894   1.8603192145    0.000129603414692 
0.0321808655122 157.832917225   1.80266032297   1.01680561483   0.503348475691  38.5888529827   9.39087472904   11.3137181119   1.59013316033   1.85649975667   0.000129373372964 
0.032199582849  159.811669913   1.80563894148   1.01688679722   0.503363542156  38.8410070757   9.63011081928   11.6013082344   1.61023235785   1.85274235416   0.000129162870715 
0.0322182192685 161.83854054    1.80861253923   1.01696996663   0.503378538068  39.1000688121   9.87504625436   11.8915008028   1.62788121783   1.9633396315    0.000128971067782 
0.032236773388  163.91702439    1.81158095396   1.01705519122   0.503393460077  39.3645587168   10.1276990804   12.1955421085   1.64890273435   1.96582059135   0.000128798103876 
0.0322552448066 166.04705022    1.81454307032   1.01714304285   0.503408368884  39.6353915811   10.3870228625   12.5077738402   1.67044726442   1.96811030689   0.00012864319228 
0.0322736331081 168.230357109   1.81749897747   1.01723361164   0.503423263502  39.9128156211   10.6532572244   12.8285148313   1.69253331226   1.97037586767   0.000128505847487 
0.0322919378571 170.468799357   1.82044872323   1.01732699156   0.503438142947  40.1970762581   10.9265863908   13.1580114813   1.71517940707   1.97260034972   0.000128385600876 
0.0323101586001 172.764222517   1.82339235936   1.01742327978   0.503453006218  40.4884142434   11.2071803496   13.4964914147   1.73840403495   1.97472901509   0.000128112941068 
0.032328294867  175.118480839   1.82632993953   1.01752257662   0.503467852297  40.787069839    11.4952038287   13.8441886704   1.76222583871   1.97667487671   0.000127810370557 
0.0323463461727 177.533452028   1.82926152059   1.01762498553   0.503482680148  41.0932848963   11.790819265    14.2013073204   1.78666374728   1.97831364671   0.000127530624558 
0.0323643120179 180.011045206   1.83218716296   1.0177306132    0.503497488727  41.4073037082   12.0941879952   14.5680649404   1.81173704614   1.97948292719   0.000127273145674 
0.032382191891  182.553205177   1.83510693113   1.01783956954   0.503512276973  41.729373324    12.4054707917   14.9446794943   1.8374654197    1.9799997227    0.0001270373865 
0.0323999828585 185.161940027   1.83802049925   1.01795195253   0.503527041817  42.0597436094   12.7248281041   15.3313697669   1.86386831561   1.97970594172   0.000126822837715 
0.0324176822901 187.839092574   1.84092759367   1.01806786366   0.503541780416  42.3986430015   13.052403458    15.7283354646   1.89096416173   1.97852412483   0.000126628985382 
0.0324352896674 190.586449031   1.84382829105   1.01818742037   0.503556491675  42.7462938435   13.3883293111   16.1357643124   1.91877180119   1.97647867132   0.000126455294612 
0.0324528044674 193.405959666   1.84672267318   1.01831074321   0.503571174496  43.1029357694   13.7327447131   16.5538533921   1.94731145815   1.97366450315   0.000126301239088 
0.0324702261627 196.299651751   1.84961082749   1.01843795607   0.503585827793  43.4688149598   14.0857928205   16.9828063229   1.9766042673    1.97019646554   0.000126166301133 
0.0324875542222 199.269608698   1.85249284717   1.01856918632   0.503600450495  43.8441815916   14.4476189129   17.4228311487   2.00667231499   1.96617549594   0.000126049971243 
0.0325047881117 202.31796085    1.85536883114   1.01870456506   0.503615041569  44.2292889318   14.8183688659   17.8741390105   2.03753901448   1.9616764644    0.000125767386621 
0.0325219272946 205.446879914   1.85823888364   1.0188442277    0.503629600064  44.6243935415   15.1981876768   18.3369435915   2.0692302907    1.95674546997   0.000125452971019 
0.0325389712311 208.65857465    1.86110311272   1.01898831528   0.503644125237  45.0297577646   15.5872172797   18.8114622257   2.10177857837   1.95138349245   0.000125163917133 
0.0325559193734 211.955286124   1.86396162475   1.01913697944   0.503658617013  45.4456614071   15.9855914731   19.2979253398   2.13524063278   1.94536720066   0.000124899608994 
0.0325727711318 215.339272876   1.86681450015   1.01929041175   0.503673078969  45.8724687427   16.3934331827   19.7966760347   2.16983206648   1.93460158606   0.00012465944259 
0.0325895259034 218.813665688   1.86966109974   1.01944874883   0.503687507777  46.3093117956   16.809886467    20.3076293757   2.20481428228   1.92436793088   0.000124442827045 
0.032606183782  222.375966407   1.8725027848    1.01961198197   0.503701891262  46.7577188023   17.238337015    20.8299739504   2.24051347921   1.92709777614   0.000124249166963 
0.0326227437789 226.037347881   1.8753402874    1.01978025081   0.503716226996  47.2183584475   17.6761116729   21.3670231559   2.27750966443   1.91912629224   0.000124077762303 
0.0326392053824 229.795467276   1.87817269988   1.01995382516   0.503730520093  47.6906725873   18.1236646378   21.9165759522   2.31556148181   1.91133181774   0.000123928145998 
0.0326555681108 233.652259896   1.88100029067   1.02013287389   0.503744771349  48.1748937139   18.5814055485   22.47926501     2.35462167112   1.90323870039   0.000123799705834 
0.0326718314863 237.610472466   1.88382324681   1.02031756178   0.503758980025  48.6713174144   19.049490737    23.055358674    2.39471276226   1.89471512336   0.00012359357847 
0.0326879950399 241.672755356   1.88664176678   1.02050805709   0.503773145237  49.180208861    19.5280695656   23.6451028702   2.43586149562   1.88570543554   0.00012324674999 
0.0327040583147 245.841714128   1.8894560557    1.02070453224   0.503787266109  49.7018162925   20.0172852076   24.248733869    2.4780943647    1.87616664934   0.000122929236622 
0.0327200208684 250.119946263   1.89226632888   1.02090716382   0.503801341809  50.2363785378   20.5172757813   24.8664829893   2.52143757191   1.86605526408   0.000122640313982 
0.0327358822749 254.510057298   1.8950728129    1.02111613255   0.503815371547  50.7841279004   21.0281755156   25.4985793107   2.56591718966   1.85558912441   0.000122379259321 
0.0327516417684 259.014674181   1.89787568285   1.02133161831   0.503829354259  51.3452911082   21.5501154116   26.1452511834   2.61155893003   1.85411759785   0.000122145356226 
0.032767294422  263.636456656   1.90067437728   1.0215537449    0.503843285187  51.9200829614   22.0832184157   26.8067207414   2.65838536359   1.85226603863   0.000121937941141 
0.0327828399302 268.37728361    1.90346915937   1.02178269958   0.503857163656  52.5086284568   22.6275383879   27.4831296872   2.7064156207    1.84995805903   0.000121756270523 
0.0327982780162 273.239432626   1.90626030473   1.0220186724    0.503870988995  53.1110916845   23.1831510588   28.1746489583   2.75567086356   1.84711337084   0.000121599601053 
0.0328136084299 278.225329921   1.90904810246   1.02226185635   0.503884760511  53.7276470624   23.7501455322   28.8814685138   2.80617250369   1.84365892231   0.000121467191106 
0.0328288309482 283.337483189   1.9118328555    1.02251244717   0.503898477454  54.3584715804   24.3286187776   29.6037903961   2.85794165951   1.83954088064   0.000121167536292 
0.0328439453748 288.578451711   1.914614881     1.02277064319   0.50391213899   55.0037413946   24.9186728877   30.3418250272   2.91099906648   1.83473504184   0.000120802794448 
0.0328589515407 293.950830734   1.91739451073   1.02303664506   0.503925744179  55.6636300753   25.5204139412   31.0957895319   2.96536524583   1.82925320186   0.000120471998949 
0.0328738493046 299.457242845   1.92017209127   1.02331065569   0.503939291958  56.3383075938   26.1339517202   31.8659073241   3.02106088407   1.82314179836   0.000120174197923 
0.0328886385525 305.10033318    1.92294798391   1.02359288016   0.503952781147  57.0279396935   26.7593996786   32.6524083447   3.07810734024   1.81647225618   0.000119908437254 
0.0329033191986 310.882766492   1.92572256413   1.02388352577   0.503966210466  57.732687517    27.3968748182   33.4555294274   3.1365271376    1.80932797903   0.000119673760576 
0.0329178911845 316.807224888   1.92849622047   1.02418280221   0.503979578565  58.4527073655   28.0464974019   34.275514599    3.19634441048   1.80179100811   0.000119469209417 
0.0329323544792 322.876405677   1.93126935294   1.02449092172   0.503992884058  59.1881505387   28.7083904934   35.1126151844   3.25758525514   1.79393113641   0.000119293823495 
0.0329467090788 329.093019057   1.93404237094   1.02480809928   0.504006125573  59.9391631929   29.3826793757   35.9670896554   3.32027791358   1.78579949455   0.000119146641174 
0.032960955006  335.459785595   1.93681569099   1.02513455286   0.504019301783  60.7058861467   30.0694909377   36.8392032557   3.38445274082   1.77742662322   0.000118832836445 
0.0329750923097 341.97943364    1.93958973463   1.02547050354   0.504032411452  61.4884545864   30.7689531008   37.7292274791   3.45014194421   1.76882390605   0.000118437582712 
0.0329891210652 348.654696873   1.94236492672   1.02581617563   0.504045453454  62.2869976769   31.4811943148   38.6374394798   3.5173791422    1.75998649166   0.000118081922626 
0.0330030367988 355.488429216   1.94514078069   1.02617167953   0.504058422529  63.1016381524   32.2063430983   39.5641214206   3.58619410159   1.75089654625   0.000117764693921 
0.0330168395935 362.482057228   1.94791769645   1.02653723457   0.504071317753  63.9323446483   32.9444100243   40.5094145705   3.65661135403   1.74152872026   0.000117484596487 
0.0330305297101 369.63762542    1.95069610291   1.02691306551   0.50408413848   64.7791490842   33.6954500374   41.4735164152   3.72865996813   1.73185391521   0.00011724032386 
0.0330441074397 376.957441535   1.95347643102   1.02729939965   0.504096884201  65.6421073789   34.4595453525   42.4566608308   3.80237085544   1.7218414979    0.000117030570866 
0.0330575731019 384.443930079   1.95625911415   1.02769646699   0.50410955453   66.5212830605   35.236791275    43.4591008456   3.87777558898   1.71146169202   0.000116854034664 
0.0330709270436 392.099566267   1.95904458881   1.02810450034   0.504122149189  67.4167392655   36.0272883694   44.4810986374   3.95490528672   1.70068832835   0.000116646821617 
0.0330841696404 399.926842105   1.96183329704   1.0285237353    0.504134667982  68.3285328379   36.8311382286   45.5229196803   4.03378848138   1.68950099622   0.000116203065016 
0.0330973012974 407.928250042   1.96462569182   1.02895441026   0.504147110749  69.2567093596   37.6484413751   46.5848293471   4.11444819968   1.6778863083    0.000115805747393 
0.0331103224526 416.106278014   1.96742224468   1.02939676648   0.504159477311  70.2013017535   38.4792963211   47.6670908287   4.19690095194   1.66583823661   0.000115453148291 
0.0331232335762 424.463408146   1.97022345124   1.02985104811   0.504171767417  71.1623343223   39.3237987281   48.7699631233   4.28116002016   1.65335730312   0.00011514355158 
0.0331360351691 433.002109699   1.97302983093   1.03031750215   0.504183980734  72.1398278539   40.182039994    49.8936982827   4.36724039685   1.64044852412   0.000114875246869 
0.03314872776   441.724825337   1.97584192192   1.03079637848   0.504196116865  73.1338003805   41.0541055834   51.038538258    4.45516084371   1.62711792438   0.000114646531312 
0.0331613119033 450.633958273   1.97866027559   1.03128792981   0.504208175369  74.144264328    41.9400737548   52.2047121581   4.5449428427    1.613367105     0.000114455711834 
0.0331737859096 459.731948024   1.98148493827   1.03179231972   0.504220153604  75.1712235975   42.8400148698   53.3924342246   4.63660531441   1.59918486643   0.000114203372538 
0.0331861484944 469.020154266   1.98431603019   1.03230971955   0.504232049269  76.2145639801   43.7539036207   54.6017924665   4.7301601804    1.58453681331   0.00011373550422 
0.0331984004015 478.499451645   1.98715412244   1.03284037988   0.504243861984  77.274123742    44.6816701048   55.8328088357   4.82561983072   1.56935608539   0.000113320371544 
0.0332105424003 488.171349417   1.98999978927   1.03338455318   0.504255591398  78.349804432    45.6232924135   57.0855543402   4.92300190252   1.55353604395   0.000112955693692 
0.0332225752813 498.037563905   1.99285360781   1.03394249482   0.504267237213  79.4415255356   46.5787659838   58.3601124686   5.02232654265   1.53692694684   0.000112639213553 
0.0332344998545 508.099864757   1.99571615732   1.03451446358   0.504278799218  80.5492077941   47.5480880794   59.6565602119   5.12361554636   1.5193400581    0.000112368699888 
0.0332463169481 518.360006574   1.9985880186    1.03510072203   0.504290277331  81.67276591     48.5312500227   60.9749582579   5.22689203228   1.50056190843   0.000112141949912 
0.0332580274073 528.819696362   2.00146977375   1.03570153683   0.504301671644  82.8121054137   49.5282330302   62.3153453568   5.33218016356   1.4803794983    0.000111956792135 
0.0332696320933 539.480577155   2.00436200644   1.03631717883   0.504312982459  83.967121569    50.5390058242   63.6777345365   5.43950470724   1.45861061312   0.000111514009513 
0.0332811318831 550.344219344   2.00726530251   1.03694792301   0.504324210315  85.1376993449   51.5635232941   65.0621102392   5.54889038269   1.43513130227   0.000111052879986 
0.0332925276681 561.412115942   2.01018025107   1.03759404816   0.504335355989  86.3237139293   52.6017259341   66.4684261331   5.66036104197   1.40989427869   0.000110649046658 
0.0333038203541 572.68568012    2.01310744569   1.03825583648   0.504346420477  87.5250314251   53.6535399404   67.8966037006   5.77393880027   1.3829350449    0.000110299686385 
0.0333150088676 584.166348052   2.01604696126   1.0389334519    0.504357403001  88.7415095      54.7188778579   69.3465317793   5.88963840282   1.35436625308   0.00011000207595 
0.0333260926068 595.854129558   2.01899897664   1.03962707553   0.504368303351  89.9728662108   55.7975317228   70.8179289851   6.00746255755   1.32436497663   0.000109753501518 
0.033337072634  607.748538384   2.02196410278   1.04033698453   0.504379123007  91.2187811955   56.8892507948   72.3104387398   6.12741198921   1.29315369356   0.000109551251294 
0.033347950024  619.8499217     2.02494295853   1.04106345618   0.504389863473  92.4790190666   57.9938473533   73.8237654797   6.24949064615   1.26097913      0.000109125740518 
0.0333587258612 632.158888395   2.02793617275   1.04180676859   0.504400526227  93.7533723931   59.1111567943   75.3576284535   6.37370192935   1.22809472669   0.000108640040897 
0.0333694012375 644.676116363   2.03094438529   1.04256720084   0.504411112688  95.0416421896   60.2410209118   76.9117427227   6.50004765643   1.19474671036   0.000108217457089 
0.0333799772516 657.402278267   2.03396824758   1.04334503316   0.504421624191  96.3436305653   61.3832814598   78.4858125667   6.62852797009   1.16116422799   0.000107854523255 
0.0333904550074 670.338013107   2.03700842288   1.04414054701   0.504432061974  97.659138182    62.5377779861   80.07953015     6.75914161652   1.12755348857   0.000107547860259 
0.0334008356129 683.483916246   2.0400655862    1.0449540253    0.504442427174  98.9879637097   63.7043473944   81.6925763485   6.89188634486   1.09409516041   0.000107294178003 
0.0334111201799 696.840536852   2.04314042386   1.04578575243   0.504452720828  100.329904103   64.8828241992   83.3246224496   7.02675932142   1.06094398871   0.000107090278006 
0.0334213098218 710.40837827    2.04623363262   1.04663601447   0.504462943879  101.684755188   66.0730410765   84.9753322044   7.16375752197   1.02822982619   0.000106585374098 
0.0334314046007 724.187975337   2.04934559328   1.04750500827   0.504473096127  103.052312337   67.2748295321   86.6443639895   7.30287447936   0.996059534622  0.000106098233887 
0.0334414037681 738.178902935   2.0524764221    1.04839285031   0.504483176475  104.432280085   68.4879450645   88.3312744805   7.44409394608   0.964520341203  0.000105678414681 
0.0334513085427 752.379334722   2.05562683391   1.04929982024   0.504493185739  105.82425294    69.7120476917   90.0354910768   7.58739800722   0.933682680064  0.00010532183383 
0.0334611201413 766.788737985   2.05879754554   1.05022619772   0.504503124691  107.227952396   70.9468975296   91.7565656466   7.73277883626   0.903600042233  0.000105024540118 
0.0334708397756 781.406989339   2.06198927607   1.05117226364   0.504512994069  108.643144682   72.1922953354   93.4941040911   7.88023256704   0.874311522721  0.00010478271677 
0.0334804686506 796.234097799   2.06520274577   1.05213830045   0.504522794585  110.069614491   73.448059387    95.2477383097   8.02975716654   0.845843933658  0.000104468281872 
0.0334900079627 811.270104668   2.06843867498   1.05312459225   0.504532526935  111.507155381   74.7140167428   97.0171155364   8.18135148845   0.818213543678  0.000103928697692 
0.0334994588998 826.515046129   2.0716977834    1.05413142486   0.504542191802  112.955566182   75.9899999818   98.8018944443   8.33501483788   0.791427590475  0.000103463142561 
0.0335088226403 841.968939121   2.07498078924   1.05515908578   0.504551789863  114.414649847   77.2758459706   100.60174379    8.49074696782   0.765485615864  0.000103066887374 
0.0335181003521 857.631775428   2.07828840835   1.05620786427   0.504561321792  115.884213303   78.5713953157   102.416341925   8.64854839769   0.740380641209  0.000102735379405 
0.0335272931925 873.503518138   2.08162135299   1.0572780513    0.504570788273  117.364067282   79.8764920695   104.245376632   8.80842055987   0.71610020154   0.000102464241338 
0.0335364010898 889.584221031   2.08497988055   1.05836979311   0.504580188741  118.854025703   81.1909836539   106.088545243   8.97035980788   0.692627263789  0.000102249298653 
0.0335454240791 905.872357391   2.08836426005   1.05948323721   0.504589522767  120.353771717   82.5146089377   107.945406661   9.13435183316   0.669942290586  0.000101705011388 
0.0335543633708 922.365775292   2.09177517998   1.06061866811   0.504598791162  121.862952237   83.8470731977   109.815476112   9.30038414653   0.648023190918  0.00010120595873 
0.0335632201624 939.063585298   2.09521332014   1.06177637041   0.504607994765  123.381330221   85.1881785542   111.698398702   9.46845318263   0.62684454331   0.000100781387552 
0.0335719956368 955.965273449   2.09867935292   1.06295662996   0.504617134439  124.908707234   86.5377642946   113.593875546   9.63855811169   0.606378857845  0.000100426121622 
0.0335806909614 973.070438067   2.1021739435    1.06415973405   0.50462621108   126.444899971   87.8956856428   115.501636001   9.81069873504   0.586597493553  0.000100135213152 
0.0335893072882 990.378701087   2.10569775014   1.06538597156   0.504635225608  127.989732256   89.2618060208   117.421426872   9.98487456448   0.567471387815  9.99039391292e-05 
0.0335978457539 1007.88967679   2.10925142477   1.06663563295   0.504644178965  129.54303222    90.6359940112   119.353007805   10.1610843744   0.548971644806  9.94340294484e-05 
0.0336063074795 1025.60296046   2.11283561355   1.06790901035   0.504653072106  131.10463132    92.0181220292   121.296149036   10.3393260146   0.531069975778  9.8913876828e-05 
0.0336146935707 1043.51812403   2.11645095761   1.06920639755   0.504661905992  132.674363968   93.4080656933   123.250630155   10.5195963924   0.513739011509  9.84721093845e-05 
0.0336230051178 1061.63471429   2.12009809343   1.07052809001   0.504670681576  134.252067334   94.80570353     125.216239377   10.701891569    0.496952548458  9.8103041914e-05 
0.0336312419082 1079.952429     2.12377707667   1.07187417383   0.50467939844   135.837581231   96.2109168598   127.192773104   10.886199185    0.480685796957  9.78013093399e-05 
0.033639404497  1098.46868428   2.12748827839   1.0732448482    0.504688056971  137.430574898   97.6234425125   129.179838362   11.0724958404   0.464917009105  9.75617562478e-05 
0.0336474939979 1117.18133207   2.13123231245   1.07464040255   0.504696658144  139.030766284   99.0430541058   131.177090043   11.2607648582   0.449625932614  9.71279877055e-05 
0.0336555115081 1136.08927188   2.13500978592   1.07606112684   0.504705202918  140.637963898   100.469603592   133.184290583   11.450996821    0.434793631815  9.6598436514e-05 
0.0336634581073 1155.19168963   2.13882130002   1.07750731243   0.504713692245  142.252004495   101.902970966   135.201245607   11.6431845098   0.420403154692  9.61500383011e-05 
0.0336713348575 1174.48784472   2.14266745002   1.07897925223   0.504722127067  143.87273506    103.343048428   137.2277823     11.8373215182   0.406439823441  9.57766301792e-05 
0.0336791428036 1193.97700356   2.14654882504   1.08047724085   0.504730508339  145.500006925   104.789735192   139.263741715   12.0334017625   0.392891377459  9.54723760531e-05 
0.0336868829731 1213.65841767   2.15046600779   1.08200157469   0.504738837028  147.133674057   106.242934927   141.308974591   12.2314190592   0.379748005381  9.52317561574e-05 
0.0336945563764 1233.53131548   2.15441957456   1.08355255195   0.504747114116  148.773593175   107.702553356   143.363337393   12.4313667027   0.367002201083  9.48055538914e-05 
0.0337021640071 1253.59489809   2.15841009523   1.08513047263   0.504755340587  150.419624061   109.16849664    145.426689587   12.633237358    0.354648418884  9.42764319379e-05 
0.0337097068422 1273.84833662   2.16243813339   1.08673563848   0.504763517417  152.071628894   110.640671565   147.498893723   12.8370231505   0.342682660152  9.38299974737e-05 
0.0337171850575 1294.29091919   2.16650381884   1.08836818125   0.50477164471   153.729471101   112.118986683   149.579816957   13.042709509    0.331102157219  9.34597841092e-05 
0.0337245990201 1314.9201908    2.17060736297   1.09002826537   0.504779722772  155.392888972   113.603244324   151.669184919   13.2502708971   0.319905928724  9.31596581392e-05 
0.0337319497111 1335.73343908   2.17474930356   1.09171618852   0.504787752574  157.061615764   115.093240177   153.766712465   13.4596850418   0.309093702328  9.29238038177e-05 
0.0337392380952 1356.7292015    2.17893017095   1.09343224884   0.504795735069  158.735483279   116.588854739   155.872229069   13.6709376849   0.298664966281  9.24855571004e-05 
0.0337464651197 1377.90632311   2.18315048945   1.09517674599   0.50480367119   160.414350958   118.089994679   157.985602957   13.8840168731   0.288619097759  9.19649620137e-05 
0.0337536317151 1399.2637174    2.18741077728   1.09694998134   0.504811561852  162.098087414   119.59657562    160.106717271   14.0989113795   0.278955142371  9.1527578105e-05 
0.0337607387948 1420.800298     2.19171154625   1.09875225799   0.504819407957  163.786565017   121.108516867   162.235462234   14.3156102346   0.269671511402  9.11666151949e-05 
0.0337677872556 1442.5149578    2.19605330147   1.10058388088   0.504827210391  165.479658176   122.625739666   164.371732328   14.5341026116   0.260765696108  9.08756941625e-05 
0.0337747779779 1464.40656203   2.20043654095   1.10244515673   0.504834970031  167.177242728   124.148166541   166.5154251     14.7543778047   0.252234032231  9.06488291149e-05 
0.0337817118262 1486.47394569   2.20486175531   1.10433639414   0.504842687743  168.87919566    125.675720981   168.66644055    14.9764252133   0.244071528663  9.01884334868e-05 
0.0337885896488 1508.71591224   2.20932942746   1.10625790355   0.50485036439   170.585394922   127.208327244   170.824680739   15.2002343013   0.236271767895  8.96817536779e-05 
