0.0             0.371155188455  1.025           1.025           0.5             3.23646589341   0.0326080776426 0.0445648805268 0.00280216838515 1.97212052871   1.99869719599e-05 
0.00015625      0.371105140342  1.025236902     1.02500125016   0.499999682821  3.23616282187   0.0326363553655 0.0446755521656 0.00303436593452 1.97265670407   1.99869782688e-05 
0.0003125       0.425228258714  1.02551477916   1.02500252668   0.499999410837  3.53928791484   0.0298700797427 0.0406480745688 0.00366021699514 1.96920143431   1.99857870466e-05 
0.00046875      0.486113576674  1.02586095249   1.02500386207   0.499999195486  3.8531625221    0.0264277744249 0.0357558426189 0.0043830976754 1.96231802543   1.99845762992e-05 
0.000625        0.557343219714  1.02628472068   1.02500526921   0.499999050008  4.19165272646   0.022085721065  0.0297957217279 0.00521756756274 1.95046153422   1.99832998064e-05 
0.00078125      0.640729708545  1.02679903773   1.0250067679    0.499998987361  4.55591862653   0.0166537549354 0.0226605656205 0.00617713149433 1.95190833826   1.9981958809e-05 
0.0009375       0.738615830638  1.02741890419   1.02500838749   0.499999022294  4.94786382089   0.00995255691597 0.0143282796132 0.00728129190366 1.94730758973   1.998055292e-05 
0.00109375      0.853914612464  1.0281617775    1.02501017309   0.499999172113  5.36960819282   0.00311163542586 0.00517507101523 0.00855655983593 1.93007002778   1.99790336468e-05 
0.00125         0.990313594842  1.02904792856   1.02501219606   0.499999457703  5.8235573938    0.0103883776313 0.0             0.0100380738626 1.92384021757   1.99772880455e-05 
0.00140625      1.15256317265   1.0301008858    1.02501457228   0.499999904956  6.31245335008   0.0237210855547 0.0             0.0117720874815 1.92975143915   1.99754229186e-05 
0.0015625       1.34688403199   1.03134797948   1.02501749413   0.500000546968  6.83947021817   0.0407359049494 0.0             0.0138205224437 1.90582978616   1.99734234328e-05 
0.00171875      1.45659648824   1.03283778328   1.02502000041   0.500001949656  7.42602151377   0.0493107890222 0.0732541449799 0.0188175275491 1.78465691073   1.9969603765e-05 
0.00187071346922 1.68168643018   1.03455785576   1.02502186541   0.500004082092  8.0404272739    0.0483511556738 0.0723954182459 0.0210181045808 1.74675470099   1.99670137879e-05 
0.00201112919064 1.93343631812   1.03641616869   1.02502386307   0.500006308503  8.68166205118   0.045119554307  0.0682476500829 0.0234172067059 1.73629835093   1.99642864812e-05 
0.00214155462933 2.20325407823   1.03841637974   1.02502597982   0.500008643967  9.32059211771   0.0413540296293 0.0634668251226 0.0260329740651 1.73215117876   1.99615577969e-05 
0.00226335089733 2.49170083886   1.0405571015    1.02502824415   0.500011111505  9.95861506726   0.037437440582  0.0582739449237 0.0288723919384 1.73374705588   1.99588276371e-05 
0.00237762336194 2.79925838723   1.04283711856   1.0250306908    0.500013733402  10.595941092    0.0333662600193 0.0527395211188 0.0319351999077 1.73790596904   1.99560972728e-05 
0.00248526010895 3.12649136347   1.04525448795   1.02503335263   0.500016531779  11.2325110024   0.0291446357042 0.0466580816322 0.0352200889718 1.74509338389   1.99533700523e-05 
0.00258687838046 3.47400988113   1.04780358567   1.02503625595   0.500019526886  11.8676528193   0.0247263806562 0.0400065237058 0.0387203169443 1.75248261887   1.99506513995e-05 
0.00268315714488 3.84207193092   1.05048159744   1.02503942472   0.500022746599  12.4993748888   0.0200888198814 0.032535375084  0.0424237872676 1.75928950419   1.99479513667e-05 
0.0027746860472 4.23141824393   1.05328482384   1.02504287264   0.500026224034  13.1262893245   0.0155346106284 0.0241898287421 0.0463144121263 1.76493325386   1.99452764121e-05 
0.00286191102059 4.64248358286   1.05620626369   1.02504659548   0.500029995425  13.7469909545   0.0122628925418 0.0153158647087 0.0503654022406 1.77033287802   1.99426327112e-05 
0.00294520185946 5.07459077917   1.05923675877   1.02505056745   0.500034100395  14.3601944778   0.0121012896909 0.00686131396778 0.0545351663721 1.77481358223   1.99400267503e-05 
0.00302315054549 5.38350861481   1.06241721788   1.02505301478   0.500037892552  15.2863720784   0.131417853185  0.18099384966   0.056860902749  1.90386285994   1.993601021e-05 
0.00309765603114 5.82604201382   1.06581747864   1.02505396959   0.500041382751  15.9566728988   0.133762788658  0.185056030984  0.0613835781814 1.90147655985   1.99332203229e-05 
0.00316894664225 6.29690283783   1.06934948278   1.02505491231   0.500045019342  16.6394797092   0.138871548368  0.192202614281  0.0661797746066 1.89095820196   1.99304235774e-05 
0.00323718900613 6.78887711848   1.07301510952   1.02505584795   0.500048792671  17.3276182735   0.144236069186  0.199647213658  0.0711898202117 1.87803042563   1.99276393323e-05 
0.00330262172272 7.30195758513   1.07681522037   1.02505677816   0.50005270174   18.0209112648   0.149680788896  0.207194929555  0.0764171041103 1.86338870987   1.9924872328e-05 
0.00336545705079 7.83683493057   1.08075119646   1.02505770325   0.500056745356  18.7199917229   0.155178712411  0.214823906751  0.0818715725543 1.84715218053   1.99221241345e-05 
0.00342588476768 8.39425054019   1.08482465767   1.0250586236    0.500060922608  19.4254810405   0.16070431458   0.222634590038  0.0875655989844 1.82942563938   1.99193963713e-05 
0.00348397212928 8.97501178069   1.08903002337   1.02505953803   0.500065225179  20.1380161696   0.166229918662  0.230451364767  0.0935096415246 1.81299077357   1.9916690578e-05 
0.0035398781656 9.57889058471   1.09336854536   1.02506044692   0.500069652019  20.8569735878   0.171716380927  0.238216098405  0.099716665662  1.79747604175   1.99140128349e-05 
0.00359375146379 10.2066334683   1.09784190202   1.02506135067   0.500074203001  21.5829290318   0.177130170375  0.245878278652  0.106209818427  1.78044829649   1.99113644617e-05 
0.00364572657061 10.8590783948   1.1024520582    1.02506224956   0.500078878862  22.3165080333   0.182436608547  0.253385235066  0.113018803681  1.76205708752   1.99087465883e-05 
0.0036959131015 11.5371258904   1.10720006231   1.02506314353   0.50008368028   23.0583520918   0.18760533239   0.260689766061  0.120180483839  1.74247047959   1.99061601745e-05 
0.00374434602938 12.2415693362   1.11208051044   1.02506403116   0.500088602566  23.8089235841   0.192607574871  0.267921553162  0.127735187372  1.72186327639   1.99036067019e-05 
0.00379113566312 12.9722314643   1.11709558166   1.02506491233   0.500093650351  24.5676588795   0.197414322234  0.274928910566  0.135731743338  1.70260360609   1.99010908254e-05 
0.00383638275275 13.730073265    1.1222474431    1.02506578674   0.500098830239  25.3351768759   0.202005298125  0.281625182114  0.144234218126  1.68466622866   1.98986130702e-05 
0.00388017960823 14.5161051031   1.12753843521   1.02506665393   0.500104151132  26.1120673766   0.206363890278  0.287982134236  0.15331445944   1.66555323293   1.9896174139e-05 
0.00392261102086 15.3314052567   1.13297100916   1.02506751333   0.500109624313  26.8989061589   0.210476038152  0.29397527334   0.163049121354  1.64534895847   1.98937748443e-05 
0.0039637139883 16.1771305925   1.13854209055   1.02506836342   0.500115257611  27.6962478522   0.214327460224  0.299579873645  0.173510658011  1.62412737322   1.98914161773e-05 
0.00400393153131 17.0321222918   1.14425774817   1.02506926474   0.500121206202  28.3683236133   0.151321758636  0.215133276848  0.179841706718  1.57727260843   1.98888826885e-05 
0.00404293758858 17.9417090405   1.15006728969   1.02507019981   0.500127408454  29.1771612497   0.155703894532  0.221732729103  0.19021252576   1.56266986133   1.98866114101e-05 
0.00408080708887 18.8795854127   1.15601645705   1.02507111719   0.500133775245  29.9904403353   0.159999919658  0.228489764117  0.200985977595  1.53785215435   1.98843952806e-05 
0.0041176025975 19.8504037011   1.16210301194   1.02507202396   0.500140313237  30.8131169486   0.16454127527   0.235619974891  0.212211164731  1.51210063751   1.98822314587e-05 
0.00415336309093 20.8550037225   1.16832543674   1.02507291967   0.500147021493  31.6454857002   0.169302867954  0.243078472659  0.223881087232  1.48623370475   1.98801203018e-05 
0.00418809584037 21.8939038258   1.17467618186   1.02507380317   0.500153892295  32.4874153813   0.174284856097  0.250865757332  0.235975520572  1.46036080674   1.98780630666e-05 
0.00422185645008 22.9666251014   1.1811561955    1.02507467455   0.500160926028  33.3380086272   0.179489805281  0.258986802908  0.248471186708  1.43451314086   1.98760623534e-05 
0.00425469654265 24.0740893612   1.18776624589   1.02507553395   0.500168122031  34.1974983625   0.18493161699   0.267464117969  0.261353785983  1.40967908937   1.98741176274e-05 
0.00428666414491 25.217203835    1.19450713222   1.02507638155   0.500175478865  35.0660785755   0.190630867465  0.276329230898  0.274610214456  1.38526196182   1.98722282725e-05 
0.00431780401049 26.3968678506   1.20137966602   1.02507721754   0.500182994503  35.9439187362   0.196614602668  0.285622171941  0.288229921216  1.3616935242    1.98703935484e-05 
0.00434815790811 27.6139705628   1.20838466473   1.02507804213   0.500190666519  36.8311645768   0.202915962549  0.295390757764  0.302205658088  1.33954607964   1.98686126256e-05 
0.00437772927504 28.8694213468   1.21551434303   1.02507885458   0.500198482797  37.7279342863   0.209573357518  0.305689435413  0.316526532496  1.31962585778   1.9866884603e-05 
0.00440653915371 30.1624944612   1.22276462789   1.02507965465   0.500206435248  38.6332295341   0.216621882307  0.316566015338  0.33117741692   1.30095983162   1.98652104927e-05 
0.00443462597216 31.4930253116   1.23013578832   1.02508044267   0.500214520773  39.5465170718   0.224101602717  0.328075411659  0.346154001982  1.28512402137   1.98635900873e-05 
0.00446202567864 32.8616227157   1.23762798031   1.02508121895   0.500222736434  40.4678028497   0.232058874992  0.340281684748  0.36145957986   1.27002535647   1.9862022081e-05 
0.00448877195373 34.2688567332   1.2452413203    1.02508198383   0.500231079606  41.3970583359   0.240542344142  0.353251952105  0.377099110151  1.25818977817   1.98605051901e-05 
0.00451489639518 35.7152606722   1.25297586843   1.02508273767   0.500239548021  42.3342259586   0.249602381896  0.367055842832  0.393078676423  1.24689538696   1.98590381395e-05 
0.00454040800834 37.1512932308   1.26085437525   1.02508365785   0.500247337995  43.2918079881   0.198653831567  0.287602760816  0.368909918603  1.37425739784   1.98577309637e-05 
0.00456535744247 38.6698296913   1.26888347339   1.02508473522   0.500254443761  44.2437669678   0.201124751186  0.293669838956  0.383226998226  1.35124837902   1.98563563182e-05 
0.00458975021085 40.2332891467   1.27703009518   1.02508580289   0.500261606132  45.2035847882   0.204184874966  0.299947611885  0.397932389022  1.33210478841   1.98550279858e-05 
0.00461359288989 41.8367126475   1.28528868823   1.02508687481   0.500268818525  46.1699514315   0.207411016719  0.306478976417  0.412973219831  1.31660082212   1.98537456537e-05 
0.00463691204416 43.4786682604   1.29365859821   1.02508795308   0.500276081182  47.1418570953   0.210689909765  0.313142802917  0.428342438838  1.30235467122   1.98525090294e-05 
0.00465973268201 45.1592627873   1.30213922955   1.02508903874   0.500283394239  48.1190879324   0.214002730941  0.319915819455  0.444041711914  1.28756275064   1.98513167168e-05 
0.00468207838196 46.8785711666   1.31072986661   1.02509013269   0.500290757959  49.1014030798   0.217346598688  0.326800834879  0.460074112487  1.27244477754   1.98501673613e-05 
0.0047039713959 48.6366178831   1.31942971927   1.02509123588   0.500298172765  50.0885408526   0.22072182624   0.334207980044  0.476443546903  1.26295205241   1.98490596356e-05 
0.00472543274067 50.4333719086   1.32823788419   1.02509234929   0.50030563927   51.0802190701   0.22413041884   0.341736684324  0.493154819307  1.25308737162   1.98479922389e-05 
0.00474648228121 52.2687461009   1.33715335984   1.025093474     0.500313158291  52.0761357029   0.227576372298  0.349390700376  0.5102136521    1.24282388082   1.98469638976e-05 
0.00476713878901 54.1425994671   1.34617509343   1.02509461115   0.500320730843  53.0759708522   0.231066216191  0.357177921433  0.527626863062  1.23212991684   1.98459733703e-05 
0.00478741999811 56.0547378945   1.3553018534    1.02509576198   0.500328358169  54.079387576    0.234609838327  0.365111714678  0.545402258789  1.22096709757   1.98450194495e-05 
0.00480734269846 58.0049118171   1.36453235613   1.02509692781   0.500336041731  55.0860294877   0.238220671928  0.373211499248  0.563547846375  1.2153924569    1.98441009528e-05 
0.00482692280844 59.9928189406   1.37386515478   1.02509811005   0.500343783219  56.0955213367   0.241916404903  0.381503678214  0.582071243225  1.21047908628   1.9843216717e-05 
0.00484615665999 62.0182146856   1.38328946172   1.02509930901   0.500351576841  57.1074693696   0.245719343967  0.390028842837  0.600970657183  1.20532569286   1.9842365597e-05 
0.00486505286542 64.0786347148   1.39280032794   1.02510052583   0.500359421678  58.1204784949   0.249653212429  0.399300828381  0.620238554513  1.19985741865   1.98415472497e-05 
0.00488362685076 66.1727361002   1.40239615564   1.02510176216   0.500367319871  59.1337614779   0.253746040775  0.408895879614  0.63987449285   1.19398375782   1.98407607509e-05 
0.00490189323048 68.29992795     1.41207507098   1.02510301969   0.500375273587  60.1468976993   0.258030295767  0.418860419135  0.659879674356  1.18760084033   1.98400048812e-05 
0.00491986585882 70.4595596165   1.42183511115   1.02510430019   0.500383284966  61.1594462187   0.262540955848  0.42924194015   0.680252798871  1.18059579102   1.98392784587e-05 
0.0049375578806 72.6509079023   1.43167453943   1.02510560552   0.500391356084  62.170946116    0.267313879528  0.440086328929  0.70098973857   1.17285070411   1.98385803442e-05 
0.00495498178066 74.8731663661   1.44159173038   1.02510693756   0.500399488925  63.18091738     0.272384413609  0.451435702902  0.72208340323   1.16659360303   1.9837909448e-05 
0.00497215022078 76.9977406957   1.45158734387   1.02510862097   0.50040771295   64.1808653355   0.27563679709   0.46809797925   0.744249639286  1.15703270081   1.98372644848e-05 
0.00498908237304 78.9498328166   1.46168291212   1.02510996292   0.500416358952  65.1934923522   0.381625653807  0.518553078697  0.791649661123  1.51619767111   1.98365788358e-05 
0.00500578093824 81.1867178153   1.4718672036    1.02511064996   0.500425405261  66.1903227282   0.378426379294  0.515677195054  0.81433085217   1.50471709874   1.98359799762e-05 
0.00502225580377 83.4659910629   1.48212070302   1.02511134473   0.500434540098  67.1853573921   0.381964357946  0.521266505868  0.837261776014  1.48627719054   1.98354049963e-05 
0.00503851689413 85.7689365993   1.49244437176   1.02511203643   0.500443761395  68.175861826    0.387010818107  0.528600827535  0.860465000305  1.46493585133   1.98348525493e-05 
0.00505457370305 88.0922378987   1.50283576867   1.02511272729   0.500453071013  69.1611055581   0.392552475399  0.536626262457  0.883923770355  1.44037848095   1.98343218479e-05 
0.00507043530076 90.434176215    1.51329296344   1.02511341665   0.500462470738  70.1404806531   0.398393768388  0.545170905891  0.907622541847  1.41253910293   1.98338121141e-05 
0.00508611036846 92.7932947457   1.52381413928   1.02511410366   0.500471962408  71.1133996933   0.404516832339  0.554297716145  0.931545865041  1.38238345351   1.98333226001e-05 
0.00510160722776 95.1681768512   1.53439734186   1.0251147873    0.500481547868  72.0792793712   0.410947196233  0.564385415104  0.955677772998  1.35039586964   1.98328525938e-05 
0.00511693386145 97.5573974468   1.54504032805   1.02511546651   0.500491228967  73.0375283846   0.417723725442  0.57516147724   0.980001617198  1.31558823959   1.98324014287e-05 
0.00513209793088 99.9595176813   1.55574085704   1.02511614026   0.500501007525  73.9875580199   0.424890721407  0.58668319087   1.00450004776   1.27923005382   1.98319684491e-05 
0.00514710679544 102.37307902    1.56649660972   1.02511680757   0.500510885348  74.9287836064   0.432495026491  0.599004616802  1.02915492831   1.24368707689   1.98315530253e-05 
0.00516196753088 104.796588804   1.57730519206   1.02511746754   0.500520864219  75.860617772    0.440584138033  0.612173824299  1.05394725844   1.20831443828   1.9831154564e-05 
0.00517668694344 107.22852134    1.58816400899   1.02511811937   0.500530945902  76.782479159    0.449204093454  0.626479028675  1.07885721067   1.17493633241   1.98307724967e-05 
0.00519127158288 109.667322086   1.59907049891   1.02511876238   0.500541132121  77.6938053078   0.458396933501  0.642190520972  1.10386407471   1.14398046743   1.98304062691e-05 
0.00520571892894 112.111535333   1.61001551499   1.02511939556   0.500551418234  78.5940459934   0.468197225437  0.658874551228  1.12893986267   1.11536747361   1.98300553425e-05 
0.00522003421531 114.557832946   1.6209956326    1.02512001831   0.500561804929  79.4821100282   0.478622789665  0.676504517565  1.15405128119   1.08840993705   1.9829719413e-05 
0.00523422396011 117.004137385   1.63200850902   1.02512063014   0.500572293874  80.3573936783   0.489679694316  0.695033684678  1.17917248148   1.06676588062   1.98293980064e-05 
0.00524829443529 119.448566561   1.64305174289   1.02512123052   0.500582886629  81.2194137381   0.501357784448  0.71438931727   1.20427808443   1.04465180003   1.98290906234e-05 
0.00526225167893 121.889114633   1.6541229073    1.02512181883   0.500593584645  82.0677007527   0.51362752396   0.735039076962  1.22934139226   1.02406771705   1.98287967921e-05 
0.00527610150941 124.323626218   1.6652195648    1.0251223944    0.500604389272  82.9017840385   0.526439086543  0.756419509116  1.25433453138   1.01037231075   1.98285160821e-05 
0.00528984953663 126.7498284     1.67633923812   1.02512295643   0.500615301748  83.7212054029   0.539723866304  0.778204799161  1.27922897475   0.996862508613  1.98282480894e-05 
0.00530350117199 129.165369453   1.68747943682   1.02512350405   0.50062632317   84.5255254239   0.55339815979   0.800207559716  1.30399611678   0.983919489844  1.98279924324e-05 
0.00531706163709 131.567872085   1.69863765317   1.02512403634   0.50063745449   85.31432666     0.567369004102  0.822234195907  1.32860796187   0.971900699935  1.98277487491e-05 
0.00533053597085 133.955006258   1.70981137326   1.02512455239   0.5006486965    86.0872203298   0.581541500961  0.844097713755  1.35303791853   0.96111354387   1.98275166935e-05 
0.00534392903593 136.324576362   1.72099824608   1.02512505134   0.500660049831  86.843859436    0.595826918822  0.865631106883  1.3772615389    0.95179612198   1.98272959255e-05 
0.00535724710115 138.607288768   1.73219750374   1.02512526437   0.500671523671  87.5783278275   0.610020952308  0.900029014773  1.40158944138   0.923631947705  1.98270829496e-05 
0.00537049318256 140.918027097   1.74340535621   1.02512521228   0.500683116901  88.3005346997   0.620889694662  0.916128259868  1.42525108656   0.917921754473  1.98268841377e-05 
0.00538368181394 142.911504599   1.75460978137   1.02512578391   0.500694877466  88.9581174544   0.484781418407  0.661878238826  1.4457299944    1.29676016581   1.98266735266e-05 
0.0053968074787 145.148697412   1.76580179945   1.02512696652   0.500706791232  89.6423782624   0.480978468427  0.659283658695  1.46801374996   1.27106280525   1.98264951375e-05 
0.00540987393299 147.395993558   1.77699574942   1.02512816278   0.500718809254  90.3127251926   0.485223222445  0.666796661145  1.49034381396   1.24582308383   1.98263260432e-05 
0.00542288508848 149.625454619   1.78818724163   1.02512938395   0.500730934713  90.9659196384   0.49162009919   0.676751276683  1.51249019356   1.22509213037   1.98261661652e-05 
0.00543584475142 151.832000424   1.79937422999   1.02513062911   0.500743168619  91.6014747347   0.498733706807  0.687157518357  1.53440212845   1.20882102848   1.98260152838e-05 
0.00544875660684 154.013731479   1.81055429043   1.02513189736   0.500755511891  92.2192060269   0.506167922981  0.697544342444  1.55606228991   1.19777817541   1.98258731369e-05 
0.00546162421905 156.169486543   1.82172511943   1.02513318721   0.500767965335  92.8189997823   0.513818017918  0.707791907012  1.5774614501    1.19071666751   1.98257394709e-05 
0.00547445103538 158.298402942   1.83288444468   1.025134497     0.500780529726  93.4007775862   0.521668099153  0.71789546006   1.59859278667   1.18730164015   1.98256140389e-05 
0.00548724038864 160.399808221   1.84403004374   1.02513582501   0.500793205824  93.9644895316   0.529729936304  0.727893627859  1.61945031945   1.1872687509    1.9825496603e-05 
0.00549999550077 162.473174602   1.8551597429    1.0251371696    0.500805994378  94.5101119491   0.538022889982  0.737842519247  1.64002846707   1.19029307405   1.9825386932e-05 
0.00551271948899 164.518088252   1.86627141769   1.02513852925   0.500818896143  95.0376449233   0.546566860197  0.747803972797  1.66032203594   1.19640307915   1.98252847994e-05 
0.00552541536979 166.534224537   1.87736299918   1.0251399026    0.500831911881  95.5471126149   0.555379728065  0.757839020405  1.68032628114   1.20568871059   1.98251899827e-05 
0.00553808606338 168.521334652   1.88843245931   1.02514128851   0.500845042371  96.0385649298   0.564476746889  0.768004372368  1.70003707269   1.21726077606   1.98251022674e-05 
0.00555073439748 170.479232263   1.89947781929   1.025142686     0.500858288415  96.5120765021   0.573870634397  0.778350528925  1.71945108419   1.23080082419   1.98250214418e-05 
0.00556336310745 172.407798799   1.91049717194   1.02514409432   0.500871650849  96.967754873    0.583572072209  0.788921262971  1.7385658731    1.24603200376   1.98249472939e-05 
0.0055759748382 174.306976159   1.92148867035   1.0251455129    0.500885130537  97.4057367282   0.593590627044  0.799754528095  1.75737980914   1.26271982513   1.98248796169e-05 
0.00558857214797 176.176735727   1.93245053496   1.02514694131   0.500898728379  97.8261714157   0.603935373045  0.811083603624  1.7758919506    1.28067052156   1.98248182102e-05 
0.00560112513817 178.018110271   1.94335298509   1.02514837559   0.500912409939  98.2292253546   0.614615383242  0.822799051163  1.79408723452   1.29972829882   1.98247628787e-05 
0.00561360932231 179.82661681    1.9541713367    1.02514981247   0.500926145621  98.6141502038   0.625621984135  0.834850280724  1.81192569806   1.32073341877   1.98247135484e-05 
0.0056260292296 181.597872083   1.96490639416   1.02515125208   0.50093993717   98.9805092558   0.636941465404  0.847233053459  1.82938719149   1.34335864102   1.98246700764e-05 
0.00563838917478 183.332523992   1.97555898069   1.02515269465   0.500953786282  99.328795652    0.648574117372  0.859955496817  1.84647944955   1.36693937553   1.98246321969e-05 
0.00565069326609 185.031439479   1.98612993644   1.02515414046   0.500967694673  99.6595371369   0.660525748807  0.873031011696  1.86321165521   1.39144808972   1.98245996523e-05 
0.00566294541749 186.695512525   1.99662013743   1.02515558988   0.500981664073  99.9732594681   0.672804449327  0.886474468315  1.87959324507   1.41687795616   1.98245721966e-05 
0.00567514936153 188.325641036   2.00703049343   1.02515704336   0.500995696222  100.27048065    0.685419356621  0.900300994945  1.895633774     1.44323959266   1.98245495953e-05 
0.00568730865927 189.922733644   2.0173619442    1.02515850139   0.501009792869  100.551715921   0.698380110627  0.914525526537  1.91134290188   1.47055866963   1.98245316239e-05 
0.00569942670995 191.487706037   2.02761546557   1.02515996454   0.501023955764  100.817476791   0.711696491649  0.929162534584  1.92673033205   1.49887331247   1.98245180668e-05 
0.00571150675919 193.021479017   2.03779200448   1.02516143344   0.501038186661  101.068270694   0.725378152521  0.944225858841  1.94180577898   1.52823056447   1.98245087168e-05 
0.00572355190419 194.524976646   2.04789252975   1.02516290879   0.501052487295  101.304600134   0.739434441324  0.95972867408   1.95657897508   1.55868060677   1.9824503375e-05 
0.00573556509932 195.999124232   2.05791811378   1.02516439135   0.501066859382  101.526962552   0.753874226053  0.975835192043  1.97105964207   1.59027075741   1.98245018499e-05 
0.00574754916455 197.444846189   2.06786986951   1.02516588196   0.501081304615  101.735850099   0.768705733883  0.992538109683  1.98525742785   1.62303587665   1.98245039571e-05 
0.00575950679024 198.863064424   2.07774894024   1.0251673815    0.501095824657  101.931748932   0.783936499581  1.00971280327   1.9991819405    1.65697301576   1.98245095187e-05 
0.00577144053828 200.254696879   2.08755648117   1.02516889095   0.501110421122  102.115139097   0.799573346749  1.02736893497   2.01284278333   1.69199547388   1.98245183633e-05 
0.00578335284856 201.620654457   2.09729365855   1.02517041133   0.501125095577  102.286493991   0.815622242895  1.04551498106   2.02624945544   1.72785010525   1.98245303252e-05 
0.0057952460457 202.961839445   2.10696166731   1.02517194375   0.501139849537  102.446279837   0.832088254784  1.06415824107   2.03941131135   1.76394297857   1.98245452445e-05 
0.00580712234449 204.279145046   2.11656172459   1.02517348936   0.501154684453  102.594955383   0.848975553223  1.08330500728   2.05233753769   1.79898468762   1.98245629663e-05 
0.00581898385453 205.573454808   2.12609507034   1.02517504941   0.50116960171   102.732971546   0.866287360833  1.10315029903   2.06503713596   1.83030743615   1.98245833408e-05 
0.00583084160161 206.844984525   2.1355282915    1.02517681614   0.501184930781  102.737796675   0.842283179019  1.09315104712   2.07725066329   1.77147047723   1.98246237149e-05 
0.00584268864499 208.107102952   2.14486048094   1.02517880342   0.501200664933  102.855113771   0.858263168298  1.11415163637   2.0897787153    1.74608175594   1.98246484853e-05 
0.00585452689462 209.33922856    2.15413451857   1.0251808392    0.50121649662   102.962056246   0.87456653122   1.13566900688   2.10206411173   1.71992816854   1.9824675424e-05 
0.00586635805655 210.550418367   2.16334747116   1.02518292681   0.501232430633  103.060044369   0.891322159582  1.15766557852   2.11415652852   1.69409207029   1.98247043261e-05 
0.00587818375269 211.742715099   2.17250144337   1.02518506709   0.50124846764   103.149580417   0.908541184858  1.18016170622   2.12607079217   1.67763980875   1.98247350884e-05 
0.00589000551632 212.917140083   2.18159761803   1.02518726086   0.501264608633  103.231076256   0.926228758721  1.20317323291   2.13781573702   1.66182588249   1.98247675768e-05 
0.00590182479766 214.074501589   2.19063736898   1.02518950883   0.501280854508  103.304911721   0.944396099652  1.22671127415   2.14939899387   1.64648218521   1.9824801673e-05 
0.00591364296663 215.215558834   2.19962203573   1.0251918116    0.501297206147  103.371452902   0.96305971255   1.25078878174   2.16082786894   1.6319524688    1.98248372613e-05 
0.00592546131556 216.341049115   2.20855296741   1.02519416968   0.501313664413  103.431054293   0.982239519772  1.27542136413   2.17210946321   1.61851507966   1.98248742312e-05 
0.00593728106181 217.451692752   2.21743151132   1.02519658352   0.501330230155  103.484059196   1.00195746321   1.30062697328   2.18325066539   1.6063897469    1.98249124768e-05 
0.00594910335035 218.548194185   2.22625901335   1.02519905351   0.501346904213  103.530799871   1.02223660234   1.32642550395   2.1942581286    1.59574475617   1.98249518964e-05 
0.00596092925642 219.631241948   2.23503681621   1.02520158001   0.501363687426  103.571597337   1.04310054168   1.35283847733   2.20513824805   1.58670399134   1.98249923931e-05 
0.00597275978852 220.701508704   2.24376625833   1.02520416338   0.501380580632  103.606761248   1.06457305733   1.3798887987    2.21589715021   1.57935356215   1.98250338741e-05 
0.0059845958914 221.759652485   2.25244867297   1.02520680399   0.501397584676  103.636590418   1.08667784614   1.40760055935   2.22654069405   1.57374790457   1.98250762507e-05 
0.00599643844929 222.806318489   2.26108538761   1.02520950227   0.501414700413  103.661373602   1.10943835833   1.43599885588   2.23707447419   1.56991545286   1.98251194383e-05 
0.00600828822507 223.842201981   2.26967632604   1.02521225778   0.501431939058  103.680028915   1.13296052329   1.46522219473   2.24843042284   1.56783607924   1.9825163867e-05 
0.00602014603289 224.867967056   2.27822292972   1.02521507108   0.501449301742  103.695540592   1.15711542323   1.49508929349   2.25878880682   1.56756376901   1.98252084488e-05 
0.00603201269101 225.883879686   2.28672831513   1.0252179435    0.50146677421   103.707483228   1.18210855809   1.52587673179   2.26845274092   1.56908798782   1.98252536426e-05 
0.00604388872706 226.890686637   2.29519350308   1.02522087572   0.50148435731   103.714764673   1.2077192556    1.55728670941   2.27863186455   1.57229130121   1.98252993008e-05 
0.00605577472779 227.889192044   2.30361932796   1.02522386878   0.50150205708   103.718323535   1.23409811552   1.58951824701   2.28873061605   1.57718427591   1.98253453972e-05 
0.00606767122836 228.879857177   2.31200708195   1.02522692368   0.501519874378  103.718383155   1.26126257338   1.62259473626   2.29875293372   1.58372150515   1.98253918669e-05 
0.00607957871396 229.863227959   2.32035800817   1.02523004159   0.501537810103  103.715171122   1.28923060515   1.65654053801   2.30870321198   1.59185559114   1.98254386464e-05 
0.00609149762183 230.839852299   2.32867332491   1.02523322379   0.501555865157  103.708908581   1.31801988436   1.69137986827   2.31858581579   1.60153629425   1.98254856753e-05 
0.00610342834348 231.810265103   2.33695423292   1.02523647173   0.501574040437  103.699808003   1.34764768051   1.72713651858   2.32840501715   1.61271061644   1.98255328972e-05 
0.00611537122615 232.774988291   2.3452019234    1.02523978701   0.501592336832  103.688074398   1.37813085293   1.76383370032   2.33816501023   1.62532183441   1.98255802577e-05 
0.0061273266251 233.733818943   2.35341761002   1.0252431714    0.501610756087  103.673343656   1.40950158525   1.80151469335   2.34777326516   1.63930685733   1.98256277737e-05 
0.00613929475583 234.688619582   2.36160234094   1.0252466268    0.501629299028  103.656903097   1.44175265319   1.84016996629   2.35742266184   1.65459160051   1.98256752605e-05 
0.00615127584191 235.639263315   2.3697571957    1.02525015525   0.501647965744  103.63840922    1.47490335592   1.87982597757   2.36702517854   1.67108234646   1.98257227359e-05 
0.00616327006876 236.586195967   2.37788331137   1.02525375891   0.501666757053  103.618036073   1.50897085995   1.92050539458   2.37658466663   1.68865538508   1.98257701549e-05 
0.00617527758525 237.529883001   2.38598179771   1.02525744013   0.501685673758  103.595955675   1.54397113252   1.96222877771   2.38610512627   1.70713828971   1.98258174737e-05 
0.00618729850504 238.47078225    2.39405374627   1.02526120136   0.50170471663   103.572334523   1.57991938834   2.0050152926    2.39559056355   1.72628188998   1.98258646505e-05 
0.00619933290789 239.409343352   2.40210022132   1.02526504522   0.50172388641   103.547334332   1.61683030639   2.04888303802   2.40504499048   1.74571897719   1.9825911645e-05 
0.00621138084097 240.346007644   2.41012227713   1.02526897445   0.501743183794  103.521112126   1.65471812326   2.09384922064   2.41447243616   1.76490586749   1.98259584185e-05 
0.00622344232018 241.281208697   2.41812095016   1.02527299194   0.501762609433  103.493820724   1.69359667073   2.1399302858    2.4238769675    1.78304841431   1.98260049338e-05 
0.00623551733154 242.215373451   2.42609725592   1.02527710068   0.501782163926  103.465609652   1.73347939589   2.1871420645    2.43326271055   1.79903296945   1.98260511549e-05 
0.00624760583238 243.148921928   2.43405218746   1.02528130385   0.501801847807  103.436625031   1.77437939887   2.23549998798   2.4426338713    1.81142708671   1.9826097047e-05 
0.00625970775263 244.082267094   2.44198672647   1.02528560474   0.501821661531  103.407009902   1.81630956292   2.28501946559   2.45199476647   1.81867073411   1.98261425762e-05 
0.00627182299604 245.01581585    2.44990184206   1.02529000681   0.50184160546   103.376905348   1.85928282075   2.3357859154    2.46134986143   1.81953996462   1.98261877097e-05 
0.00628395144133 245.949969535   2.45779846426   1.02529451368   0.501861679865  103.34645091    1.90331253014   2.38799747696   2.47070381119   1.81369236258   1.98262324157e-05 
0.00629609294333 246.885124195   2.46567750152   1.02529912916   0.501881884902  103.315784963   1.94841290234   2.44142492731   2.48006149808   1.80184019032   1.98262766628e-05 
0.00630824733405 247.821670824   2.47353989082   1.02530385724   0.501902220594  103.285045186   1.99459943125   2.49608672415   2.48942806164   1.78538566107   1.98263204206e-05 
0.00632041442372 248.759995565   2.48138642918   1.02530870215   0.501922686836  103.254369084   2.04188936089   2.55200383515   2.49880891912   1.76588423441   1.98263636595e-05 
0.00633259400182 249.700479882   2.48921793396   1.02531366835   0.501943283354  103.223894427   2.09030224636   2.60920039787   2.50820977514   1.74470525623   1.98264063501e-05 
0.00634478583803 250.643500742   2.49703528267   1.02531876057   0.501964009694  103.193759586   2.1398606409    2.66770455506   2.51763662907   1.72293293096   1.98264484641e-05 
0.00635698968324 251.589430834   2.50483922338   1.02532398385   0.501984865244  103.164103685   2.19059088713   2.72754942335   2.52709577857   1.70139374286   1.98264899737e-05 
0.0063692052705 252.538638903   2.51263048758   1.02532934354   0.502005849192  103.135066541   2.24252398817   2.78877415893   2.53659381497   1.68071826959   1.98265308522e-05 
0.00638143231603 253.491490293   2.52040977612   1.02533484536   0.502026960518  103.106788304   2.29569654764   2.85142510514   2.54613760391   1.66139785353   1.98265710739e-05 
0.00639367052027 254.448347717   2.52817775008   1.02534049544   0.502048197991  103.07940869    2.35015173691   2.91555696923   2.55573423196   1.64382625193   1.98266106146e-05 
0.00640591956884 255.409573332   2.53593503019   1.02534630032   0.502069560172  103.053066074   2.40594022809   2.98123395246   2.56539090348   1.62832730689   1.98266494523e-05 
0.00641817913366 256.375529514   2.5436822073    1.025352267     0.502091045409  103.027895805   2.46312097473   3.04857778623   2.57511483172   1.61517248163   1.98266875674e-05 
0.00643044911182 257.346635609   2.55142392504   1.02535841852   0.502112628552  103.005467394   2.52054835484   3.11621578504   2.58212941846   1.60551058518   1.98267247974e-05 
0.00644272892497 258.322850613   2.55916012238   1.02536476341   0.50213430676   102.983050992   2.58064051093   3.18704500734   2.59194052278   1.59777469397   1.98267614113e-05 
0.00645501822241 259.305003372   2.56688737752   1.02537129539   0.502156100859  102.962146816   2.6423549117    3.2597417991    2.60183794322   1.59291673496   1.98267972769e-05 
0.00646731663854 260.293436149   2.57460647731   1.02537802348   0.502178008247  102.942896129   2.70578558859   3.33442232717   2.61182729361   1.59109322362   1.98268323784e-05 
0.00647962380117 261.288496998   2.58231765982   1.02538495727   0.502200026601  102.925388148   2.77103279079   3.41121166022   2.62191394678   1.59239131534   1.9826866714e-05 
0.00649193933376 262.290573372   2.59002118978   1.02539210682   0.502222153551  102.909699871   2.83820264889   3.49024263587   2.63210295453   1.59685079986   1.98269002891e-05 
0.00650426285684 263.300074815   2.59771726542   1.02539948267   0.502244386776  102.89589449    2.90740558088   3.57165387368   2.64239885924   1.60446387694   1.98269331135e-05 
0.00651659398958 264.317429499   2.60540603299   1.02540709581   0.502266724055  102.884020925   2.97875424706   3.65558718044   2.65280563189   1.61517172749   1.98269652017e-05 
0.00652893235081 265.343074941   2.61308758441   1.02541495767   0.502289163311  102.874114      3.05236147037   3.7422179633    2.6633266654    1.62885977316   1.98269965719e-05 
0.00654127755987 266.377454456   2.6207619656    1.02542308005   0.502311702656  102.86619603    3.12833834176   3.83184093175   2.67396487513   1.64535085462   1.98270272452e-05 
0.00655362923791 267.421026239   2.62842918613   1.02543147512   0.502334340415  102.860280086   3.20679266569   3.9244401497    2.6847228499    1.66439539389   1.98270572458e-05 
0.0065659870089 268.474262769   2.63608922895   1.02544015542   0.502357075142  102.856372347   3.28782801508   4.02014220231   2.6956030004    1.68565285156   1.98270865995e-05 
0.00657835049987 269.537646636   2.64374206971   1.02544913384   0.502379905626  102.854474066   3.371543389     4.11906708344   2.70660773788   1.70865580029   1.98271153331e-05 
0.00659071934172 270.611670391   2.6513876887    1.0254584236    0.50240283089   102.854585417   3.4580328118    4.22132768861   2.71773953866   1.73276389373   1.98271434731e-05 
0.00660309316903 271.696837516   2.6590260365    1.02546803829   0.502425850191  102.856707231   3.54738598706   4.32703056362   2.72900115228   1.75707191222   1.9827171045e-05 
0.0066154716203 272.793661728   2.66665704422   1.02547799191   0.502448963012  102.860842832   3.63968880704   4.43627659217   2.74039570233   1.78028826178   1.98271980742e-05 
0.0066278543384 273.902667831   2.67428061238   1.02548829888   0.502472169033  102.867000239   3.7350242025    4.54916216356   2.75192678637   1.80060169836   1.9827224585e-05 
0.00664024097083 275.024393863   2.68189659937   1.02549897412   0.502495468108  102.875193885   3.83347323369   4.66601121108   2.76359861668   1.81566493953   1.98272506007e-05 
0.00665263175412 276.160234497   2.68950898783   1.02551003534   0.502518872049  102.875672965   3.93495384447   4.78666811226   2.77300248998   1.82300242581   1.98272779829e-05 
0.00666502575457 277.310575656   2.69711671635   1.02552149826   0.502542380302  102.888094092   4.03991444762   4.91150752968   2.78495571961   1.8210423451    1.98273030683e-05 
0.00667742263706 278.474502979   2.70471588259   1.02553337807   0.502565982418  102.902544009   4.14822055014   5.04034617235   2.79706135809   1.81001401324   1.98273277077e-05 
0.00668982206755 279.653308374   2.71230679683   1.02554569219   0.502589678296  102.919153565   4.25996301427   5.17328920381   2.80933041351   1.79175175859   1.98273519291e-05 
0.00670222371702 280.847741443   2.71988920686   1.02555845875   0.502613468227  102.937982498   4.37523327258   5.3104426963    2.82177037733   1.76860188499   1.98273757492e-05 
0.00671462726137 282.058481712   2.7274629506    1.0255716966    0.502637352492  102.959081467   4.49412542178   5.45209626108   2.8343878192    1.74259427714   1.98273991861e-05 
0.00672703238198 283.286207713   2.73502784769   1.02558542525   0.502661331408  102.982498925   4.61673639011   5.59839298725   2.84718889197   1.71520421604   1.98274222585e-05 
0.0067394387657 284.531614596   2.74258371387   1.02559966484   0.502685405318  103.008284856   4.74316586257   5.74922810956   2.86017967269   1.68802505426   1.98274449851e-05 
0.006751846105  285.795419616   2.75013035549   1.02561443617   0.502709574585  103.036492618   4.8735163992    5.90471876633   2.87336638634   1.66442117691   1.98274673835e-05 
0.00676425508082 287.074775994   2.75766687583   1.02562972637   0.502733897338  103.04651798    5.01561167387   6.07439054962   2.88660934625   1.64307565975   1.98274920749e-05 
0.00677666439652 288.383560527   2.76519254243   1.02564555551   0.502758373919  103.079617071   5.15454664115   6.23994173171   2.90019061191   1.61985552075   1.98275139635e-05 
0.00678907377587 289.708266707   2.77270849113   1.02566198178   0.502782950853  103.114851886   5.29773946851   6.41062399116   2.91396272445   1.59704246806   1.9827535522e-05 
0.0068014829343 291.053777882   2.78021447496   1.02567902945   0.502807628593  103.152665218   5.44528528954   6.5864775378    2.92794992145   1.57489726425   1.98275568216e-05 
0.00681389159095 292.421494239   2.78771027522   1.02569672301   0.502832407567  103.193197179   5.59730402256   6.76769022105   2.94216367868   1.55351612088   1.98275778747e-05 
0.00682629946887 293.812416556   2.79519565769   1.02571508788   0.502857288168  103.236541766   5.75392582023   6.95459761331   2.95661313935   1.53295488249   1.9827598695e-05 
0.00683870629573 295.22750383    2.80267037958   1.02573415036   0.502882270757  103.282789377   5.91528479957   7.14710956927   2.97130731671   1.5132408014    1.9827619296e-05 
0.00685111180365 296.667733202   2.81013418895   1.02575393771   0.502907355653  103.332033622   6.08151818674   7.34538948349   2.98625544602   1.4943822513    1.98276396908e-05 
0.00686351572902 298.134107435   2.81758682442   1.02577447817   0.502932543134  103.384372093   6.2527665072    7.54960583996   3.00146702773   1.47637576533   1.98276598919e-05 
0.00687591781217 299.627660832   2.82502801481   1.02579580101   0.502957833427  103.439907027   6.42917389351   7.75993236438   3.01695187113   1.45921098818   1.98276799112e-05 
0.00688831779721 301.149467768   2.83245747878   1.02581793653   0.502983226709  103.498746005   6.61088837808   7.97654824406   3.03272012983   1.44287394868   1.982769976e-05 
0.0069007154319 302.700642559   2.83987492455   1.02584091617   0.503008723103  103.561001747   6.79806211084   8.19963829965   3.04878229709   1.42734929627   1.98277194494e-05 
0.00691311046732 304.282339797   2.84728004958   1.02586477245   0.503034322672  103.626792234   6.99085151157   8.4293931018    3.06514921309   1.41262190192   1.98277389896e-05 
0.00692550265761 305.895756158   2.85467254016   1.02588953913   0.503060025419  103.696240969   7.18941738543   8.66600906674   3.08183208739   1.39867792103   1.98277583903e-05 
0.00693789175967 307.542132078   2.86205207103   1.02591525115   0.503085831281  103.769477201   7.39392500613   8.90968853063   3.09884252406   1.38550547391   1.98277776608e-05 
0.00695027753279 309.222753384   2.86941830501   1.02594194475   0.503111740129  103.846636151   7.60454417519   9.16063980941   3.11619254463   1.37309505238   1.98277968095e-05 
0.00696265973835 310.938952931   2.87677089254   1.02596965749   0.50313775176   103.927859223   7.8214492698    9.41907725711   3.13389460646   1.36143972937   1.98278158444e-05 
0.00697503813946 312.69211227    2.88410947132   1.02599842832   0.5031638659    104.013294203   8.04481928806   9.685221332     3.15196161927   1.35053522528   1.98278347727e-05 
0.00698741250055 314.483663354   2.89143366599   1.02602829765   0.503190082194  104.103095471   8.27483789406   9.95929867285   3.1704069624    1.3403798686    1.98278536012e-05 
0.00699978258701 316.315090294   2.89874308774   1.02605930739   0.503216400205  104.197424208   8.51169346206   10.2415421842   3.18924450425   1.33097447525   1.98278723358e-05 
0.00701214816483 318.187931173   2.90603733405   1.02609150107   0.503242819415  104.29644862    8.75557911877   10.5321911298   3.20848862439   1.32232216337   1.9827890982e-05 
0.00702450900015 320.103779919   2.91331598843   1.02612492388   0.503269339217  104.400344145   9.00669278496   10.8314912349   3.2281542377    1.31442811277   1.98279095448e-05 
0.00703686485886 322.064288261   2.92057862021   1.02615962278   0.503295958915  104.509293672   9.26523721792   11.1396948012   3.24825682044   1.30729927322   1.98279280283e-05 
0.00704921550617 324.071167828   2.92782481122   1.02619564663   0.503322677705  104.623487729   9.53142005618   11.4570608336   3.26881243428   1.30094401912   1.98279464363e-05 
0.00706156070632 326.126191177   2.93505412973   1.02623304624   0.503349494691  104.743124204   9.80545387106   11.783855183    3.28983775444   1.29537177873   1.9827964772e-05 
0.00707390022212 328.23119532    2.94226610136   1.02627187454   0.503376408898  104.868409206   10.0875562187   12.1203507085   3.31135011302   1.29059253238   1.98279830382e-05 
0.00708623381442 330.388084628   2.94946023547   1.02631218671   0.50340341926   104.999557619   10.3779496894   12.46682745     3.3333675326    1.28661623555   1.98280012369e-05 
0.00709856124177 332.598831824   2.95663602744   1.02635404028   0.503430524619  105.136792657   10.6768619694   12.8235728175   3.35590875395   1.283452214     1.98280193699e-05 
0.00711088226003 334.865480947   2.96379288664   1.02639749538   0.503457723727  105.280346189   10.9845259145   13.1908818117   3.37899327554   1.28110840817   1.98280374385e-05 
0.00712319662194 337.190150032   2.97093019373   1.02644261481   0.503485015249  105.430458938   11.3011796309   13.5690572644   3.40264139346   1.27959049782   1.98280554436e-05 
0.0071355040767 339.575033551   2.97804740074   1.02648946431   0.50351239776   105.587380766   11.6270665465   13.9584100776   3.42687427328   1.27890090951   1.98280733857e-05 
0.00714780436961 342.022404886   2.98514396679   1.02653811274   0.503539869759  105.751370932   11.9624354794   14.3592594667   3.45171402589   1.27953238869   1.98280912651e-05 
0.00716009724169 344.534619278   2.99221933152   1.0265886323    0.503567429676  105.922698294   12.3075407252   14.7719332287   3.47718375166   1.28191731393   1.98281090817e-05 
0.00717238242929 347.114116866   2.99927292251   1.02664109877   0.503595075877  106.101641537   12.6626421414   15.1967680109   3.50330759227   1.28516650139   1.98281268353e-05 
0.00718465966384 349.7634259     3.00630415527   1.02669559177   0.503622806679  106.288489393   13.0280052264   15.6341095715   3.53011080313   1.28926485186   1.98281445254e-05 
0.00719692867146 352.485165688   3.01331242439   1.02675219507   0.503650620355  106.48354108    13.4039011983   16.0843130329   3.55761983027   1.29418837586   1.98281621515e-05 
0.00720918917264 355.282049458   3.02029710302   1.02681099681   0.503678515152  106.68710674    13.790607064    16.5477431101   3.58586238089   1.29990256875   1.98281797127e-05 
0.00722144088211 358.156886472   3.02725754748   1.02687208985   0.5037064893    106.899507295   14.1884056874   17.0247743148   3.61486749784   1.30636081109   1.98281972085e-05 
0.00723368322042 361.095098838   3.03420523973   1.02693295375   0.503734201696  107.101518773   14.57950595     17.4658837218   3.61405381038   1.53142448609   1.98282837218e-05 
0.00724591630932 364.13392689    3.04113649843   1.02699371432   0.503761652804  107.332499642   15.000908522    17.971211947    3.64473060712   1.53747813519   1.98283020603e-05 
0.0072581399753 367.25647569    3.04803695489   1.02705709357   0.503789178743  107.572300716   15.433519463    18.4911006897   3.6762390297    1.54131324029   1.98283204767e-05 
0.00727035393029 370.467810033   3.05490750373   1.02712318672   0.503816776483  107.822126344   15.8782811806   19.0262810177   3.70864683141   1.54518307944   1.98283388626e-05 
0.00728255787047 373.772145448   3.06174726086   1.02719211684   0.503844445219  108.082438307   16.3356542386   19.5772221137   3.74198997737   1.54905116499   1.98283572152e-05 
0.00729475147177 377.173306688   3.06855527025   1.02726400935   0.503872183535  108.354042352   16.8060131008   20.1443712269   3.77638487509   1.55287404778   1.98283755004e-05 
0.00730693046478 380.675068764   3.07532859835   1.02733897394   0.5038999813    108.636634251   17.2896481552   20.7280811941   3.81170137344   1.55641006145   1.98283937824e-05 
0.00731909379266 384.28069828    3.08206630008   1.0274171464    0.503927835977  108.930982856   17.7868628066   21.3287557592   3.8480515582    1.55964760591   1.98284120233e-05 
0.00733124106789 387.993575938   3.08876750169   1.02749866894   0.5039557461    109.237489102   18.2979420222   21.9467768134   3.88546913236   1.56250569568   1.98284302229e-05 
0.00734337189389 391.817376019   3.09543137302   1.02758368955   0.503983710046  109.556583564   18.8231893368   22.582554183    3.92399072074   1.56490073844   1.98284483817e-05 
0.00735548586453 395.755965987   3.10205720479   1.02767236232   0.504011726022  109.888718636   19.3629227658   23.2365193607   3.96365517089   1.566748784     1.98284664994e-05 
0.00736758256407 399.813378767   3.10864421114   1.02776484765   0.504039792108  110.234365337   19.9174716869   23.9091211293   4.00450328785   1.56796484125   1.98284845755e-05 
0.00737966156686 403.993803268   3.11519143013   1.02786131257   0.504067906287  110.594012306   20.487174731    24.6008227065   4.04657769033   1.56846341325   1.9828502609e-05 
0.00739172243714 408.301580719   3.12169794704   1.02796193103   0.504096066419  110.968164786   21.0723783664   25.3120998847   4.08992264562   1.56815906001   1.98285205986e-05 
0.00740376472885 412.741203679   3.12816285752   1.02806688413   0.504124270245  111.357343751   21.6734359534   26.0434398347   4.13458392071   1.56696715953   1.98285385427e-05 
0.00741578279891 417.331748625   3.13456355878   1.02817623396   0.504152346023  111.845692593   22.2597507823   26.7561973205   4.19453166243   1.56819122701   1.98285435036e-05 
0.00742778140152 422.019962819   3.14090458471   1.02829022246   0.504180297513  112.265238358   22.8917614315   27.5267843925   4.24208194264   1.56671378585   1.98285611682e-05 
0.00743975997738 426.874769985   3.14720336946   1.02840912659   0.504208273996  112.70373078    23.540614859    28.3189003079   4.29118928626   1.56287158651   1.98285789347e-05 
0.00745171803993 431.885345982   3.15345712274   1.0285331685    0.504236273979  113.159002624   24.2062213117   29.1323497324   4.34159159401   1.55823298304   1.98285967061e-05 
0.00746365487996 437.054338326   3.1596639883    1.02866254477   0.504264289017  113.636673078   24.8921799511   29.971879475    4.39460141231   1.55139516453   1.98286135938e-05 
0.00747557018329 442.385100811   3.16582244207   1.02879747388   0.50429231615   114.129214615   25.5946642879   30.8325327948   4.44840485278   1.54348135069   1.98286311843e-05 
0.00748746384078 447.885026879   3.17193723546   1.02893824051   0.504320329556  114.644798255   26.3069464649   31.7057870724   4.50058534032   1.53504272391   1.9828649415e-05 
0.00749933494915 453.55846409    3.1780065729    1.0290850939    0.504348325332  115.175962806   27.046949848    32.6146399056   4.55765599485   1.52470478005   1.98286669718e-05 
0.00751118297535 459.413028498   3.18402522136   1.02923828042   0.504376327966  115.727586434   27.8061694475   33.5483307504   4.61650327217   1.51309831597   1.98286844862e-05 
0.007523008422  465.455075225   3.18999159959   1.02939809617   0.50440441425   116.27486837    28.6048576351   34.532908346    4.67777459165   1.50120598965   1.98287051132e-05 
0.00753480967001 471.690576881   3.19590407349   1.02956480755   0.504432579129  116.869208312   29.4045933396   35.5191010908   4.74045812663   1.48835302951   1.98287224759e-05 
0.00754658616204 478.122311365   3.2017630814    1.02973869665   0.504460742243  117.485604713   30.2248103792   36.5320506931   4.80508593595   1.47426106047   1.98287397496e-05 
0.00755833733265 484.758672139   3.2075675553    1.02992007159   0.504488900039  118.124938913   31.0658779104   37.5722200751   4.87173225103   1.45874402233   1.98287569649e-05 
0.00757006260745 491.607007057   3.21331653508   1.03010925066   0.504517048689  118.787969345   31.9282555304   38.6402808872   4.94046789389   1.44178907481   1.9828774116e-05 
0.00758176140329 498.674645855   3.2190090136    1.03030656519   0.504545184282  119.47544205    32.8124014374   39.7369082191   5.01136470398   1.42342372865   1.98287912009e-05 
0.00759343312922 505.969044427   3.22464394676   1.03051236003   0.50457330285   120.18810687    33.7187675856   40.8627750577   5.08449630661   1.40369861065   1.98288082175e-05 
0.00760507718687 513.497826876   3.23022023263   1.0307269941    0.504601400401  120.92672106    34.6478026765   42.0185566449   5.15993839618   1.38268276757   1.98288251642e-05 
0.007616692971  521.268806148   3.23573681121   1.03095084082   0.504629472874  121.692050412   35.5999547108   43.2049338681   5.23776890157   1.36046146928   1.98288420397e-05 
0.00762827987009 529.289994344   3.24119282815   1.03118428866   0.504657516034  122.484868735   36.5756725606   44.4225953753   5.31806811129   1.33713472255   1.98288588428e-05 
0.00763983726692 537.569613083   3.24658739631   1.03142774173   0.504685525595  123.305958326   37.5754068439   45.6722388332   5.40091880218   1.31281592871   1.98288755728e-05 
0.00765136453924 546.116101085   3.25191943329   1.0316816203    0.504713497359  124.156109176   38.5996103591   46.9545716596   5.48640630079   1.2876304109    1.98288922296e-05 
0.00766286105993 554.938110127   3.25718759231   1.03194636139   0.504741427137  125.036119199   39.6487381358   48.2703112779   5.5746185791    1.26171412735   1.98289088126e-05 
0.00767432619722 564.044514333   3.26239058284   1.03222241945   0.504769310737  125.946794566   40.7232474492   49.6201852928   5.66564642593   1.2352123579    1.98289253217e-05 
0.00768575931556 573.444417023   3.26752743371   1.03251026691   0.504797143976  126.888947116   41.8235978878   51.0049317014   5.75958354605   1.20827785233   1.98289417573e-05 
0.00769715977589 583.147180667   3.27259730192   1.03281039493   0.504824922605  127.863398486   42.9502527091   52.4253002944   5.85652697144   1.18107022992   1.98289581198e-05 
0.00770852694266 593.162277592   3.27759944301   1.03312331522   0.504852642512  128.870863409   44.1037047688   53.8820829321   5.95654870521   1.15375954409   1.98289744147e-05 
0.00771986016586 603.499568576   3.28253287273   1.03344955823   0.504880299648  129.912365455   45.2843639515   55.3759845861   6.0598049838    1.126487974     1.98289906345e-05 
0.00773115879996 614.169004677   3.28739651806   1.03378967437   0.504907890004  130.988631035   46.4927264072   56.9078161391   6.16637660372   1.09942791499   1.98290067855e-05 
0.00774242219805 625.180824293   3.29218937212   1.0341442366    0.504935409792  132.100489925   47.7292644092   58.4783687739   6.27637371592   1.07273740209   1.98290228693e-05 
0.00775364971303 636.545489456   3.2969104876    1.03451384022   0.504962855311  133.248769903   48.9944536037   60.088444953    6.38990989517   1.04656706988   1.98290388881e-05 
0.00776484069887 648.273678856   3.30155861401   1.03489910363   0.504990223029  134.434294112   50.2887734747   61.7388587389   6.50710208617   1.02105786469   1.98290548454e-05 
0.0077759945108 660.376296012   3.30613261061   1.03530066907   0.505017509644  135.657884948   51.6127079031   63.4304362508   6.62807053198   0.996338472763  1.98290707448e-05 
0.00778711050537 672.864480641   3.31063176954   1.03571920337   0.505044712003  136.920363678   52.9667458743   65.1640163394   6.75293856763   0.972523400299  1.98290865908e-05 
0.00779818804107 685.749601634   3.31505530018   1.03615539863   0.505071827147  138.222545686   54.3513823019   66.9404514943   6.88183225162   0.949711240836  1.98291023889e-05 
0.00780922647962 699.043247374   3.31940238862   1.03660997298   0.505098852337  139.565238083   55.7671187972   68.7606088083   7.01487994355   0.927983035481  1.98291181469e-05 
0.00782022518747 712.757218538   3.32367227893   1.03708367123   0.505125785078  140.94923614    57.2144643814   70.625370978    7.15221202803   0.907402145035  1.98291338743e-05 
0.00783118353632 726.903538218   3.32786426428   1.03757726554   0.505152623117  142.375325673   58.6939359924   72.5356371129   7.29396069032   0.888014503142  1.98291495818e-05 
0.00784210090409 741.494444413   3.33197738198   1.03809155604   0.505179364443  143.844279952   60.2060588108   74.4923234501   7.44025950543   0.869848658213  1.98291652818e-05 
0.00785297667621 756.542381699   3.33601064795   1.03862737138   0.505206007223  145.356856601   61.7513664522   76.4963640194   7.59124325691   0.85291663855   1.98291809893e-05 
0.00786381024644 772.060005882   3.33996340067   1.03918556934   0.505232549784  146.913800012   63.3304006854   78.5487106877   7.74704780807   0.837215190881  1.98291967209e-05 
0.00787460101736 788.060173258   3.34383512542   1.03976703733   0.505258990613  148.515839126   64.9437103673   80.6505397464   7.90780982345   0.822726956162  1.98292124951e-05 
0.00788534840142 804.555937305   3.34762538425   1.04037269287   0.505285328327  150.163684772   66.5918500001   82.8035953177   8.07366664829   0.809421325333  1.98292283316e-05 
0.00789605182234 821.560531131   3.35133390028   1.0410034842    0.505311561605  151.8580241     68.2753775556   85.0081004354   8.2447561423    0.797254920285  1.98292442519e-05 
0.0079067107163 839.087343354   3.35496046677   1.04166039075   0.505337689238  153.599517747   69.9948512464   87.2650773188   8.42121657927   0.786171619156  1.982926028e-05 
0.00791732453254 857.149910108   3.35850447141   1.04234442363   0.505363710155  155.38880196    71.7508253834   89.5755531528   8.60318672222   0.77610257214   1.98292764418e-05 
0.00792789273367 875.761905992   3.36196546242   1.04305662615   0.505389623304  157.226489025   73.5438452007   91.9405533579   8.7908058385    0.766964922917  1.98292927644e-05 
0.00793841100436 894.935019948   3.36531974126   1.04379785644   0.505415439766  159.135262404   75.3693427495   94.3543699673   9.0045987579    0.758610611606  1.98293041476e-05 
0.00794888283811 914.680694028   3.36857376142   1.0445694821    0.505441163106  161.069417001   77.2375901232   96.8308557634   9.2024820132    0.751007027134  1.98293212286e-05 
0.00795930769487 935.018299051   3.37175162742   1.04537258128   0.505466768163  163.053896365   79.1443811956   99.3648115155   9.40650488348   0.743991219063  1.98293384966e-05 
0.00796968508302 955.960889182   3.37485072285   1.04620832984   0.505492256244  165.088990228   81.0902005017   101.957203011   9.61682549749   0.737403255531  1.982935601e-05 
0.00798001452776 977.522409859   3.37787142421   1.04707793971   0.505517626654  167.175151339   83.0754553793   104.60890255    9.83360301684   0.731052150761  1.98293738121e-05 
0.00799029557182 999.71681013    3.38081363178   1.04798265809   0.505542879104  169.312785896   85.1005012772   107.320708427   10.0569904972   0.724713568634  1.98293919355e-05 
0.00800052320567 1022.55818926   3.38367643246   1.04892334431   0.505568002228  171.502493237   87.1655658867   110.093261637   10.287219874    0.718154651132  1.98294103957e-05 
0.0080106931434 1046.05345412   3.38645967544   1.04990089758   0.505592986879  173.742896454   89.2709514099   112.927163403   10.5239679175   0.710995888172  1.98294292994e-05 
0.00802080501639 1070.2082027    3.38916445429   1.05091657646   0.505617832991  176.034816857   91.4150307059   115.820694942   10.7677379313   0.702974440508  1.98294485929e-05 
0.00803085852146 1095.03012595   3.39179181868   1.05197166322   0.505642540263  178.377351396   93.5980390548   118.774297422   11.0184417875   0.693684406103  1.9829468361e-05 
0.00804085338451 1120.52992      3.39434289023   1.05306746933   0.505667108951  180.770422284   95.8198356      121.787923657   11.2761700527   0.682750557709  1.98294886548e-05 
0.00805078936094 1146.71836286   3.39681907565   1.05420533397   0.505691539329  183.213921328   98.0802920158   124.861487669   11.5410055897   0.66981801886   1.98295095231e-05 
0.00806066623577 1173.6061647    3.39922237858   1.05538662405   0.505715831597  185.707702857   100.379256146   127.994814564   11.8130229663   0.654616906881  1.98295310159e-05 
0.00807048382246 1201.20382013   3.40155494217   1.05661273424   0.505739985893  188.251586349   102.716539199   131.187615935   12.0922968221   0.637032174272  1.98295531826e-05 
0.0080802480969 1229.49500776   3.40388472194   1.05789574574   0.505764664338  190.943137209   105.097908139   134.43672724    12.4688010111   0.400749680966  1.98296088753e-05 
0.00808995297249 1258.47861881   3.40620406364   1.0592360798    0.505789830136  193.582664423   107.505632688   137.725743099   12.7614648982   0.38337763628   1.98296330639e-05 
0.00809959833739 1288.244928     3.40845482874   1.06062528673   0.505814817014  196.276400742   109.955558775   141.083736215   13.0615831899   0.366436361703  1.98296581722e-05 
0.00810918409102 1318.78588094   3.41064936546   1.06206498095   0.505839619247  199.021421969   112.445289008   144.505355071   13.3691311412   0.350074614479  1.9829684187e-05 
0.00811871017282 1350.09580529   3.41278970786   1.06355671126   0.5058642347    201.815918592   114.973193552   147.987099656   13.6841476528   0.334291899227  1.98297111888e-05 
0.00812817888267 1382.17252619   3.41494101235   1.06510223336   0.505888368885  204.669697575   117.49876687    151.469600131   13.9598341637   0.318897647236  1.98297373824e-05 
0.0081375878383 1415.05655912   3.41709863256   1.06670279677   0.505912023165  207.561050371   120.102815902   155.067991543   14.2902621299   0.304485335869  1.98297666083e-05 
0.00814693709836 1448.71770099   3.41920657357   1.06836022393   0.505935493371  210.499135898   122.741742421   158.719773791   14.6282751282   0.29084731641   1.98297969495e-05 
0.00815622671892 1483.16582064   3.4212756302    1.07007613955   0.505958772292  213.483517748   125.415724769   162.4244999     14.9740401993   0.277972178259  1.98298284871e-05 
0.00816545677732 1518.40736831   3.42330969351   1.07185221283   0.505981858751  216.513580761   128.124139441   166.180785582   15.3276311897   0.26586133637   1.98298612599e-05 
0.00817462737421 1554.44781734   3.42531404683   1.0736901428    0.506004751166  219.588649487   130.86632109    169.987251685   15.6891163248   0.254501977838  1.98298953158e-05 
0.00818373863337 1591.29205027   3.42729404829   1.07559165759   0.506027448198  222.708009934   133.641598949   173.842564173   16.0585589352   0.243870418445  1.98299306991e-05 
0.00819279070162 1628.94434489   3.42925520326   1.07755851433   0.506049948638  225.870911591   136.449296641   177.745426769   16.436016769    0.23393546301   1.9829967459e-05 
0.00820178347179 1667.3999598    3.43114108853   1.07959285155   0.506072768387  229.012067542   139.369878962   181.813325674   16.8738907632   0.224815014867  1.9830016378e-05 
0.00821071736865 1706.67271784   3.4329651608    1.08169648172   0.506095891951  232.262858707   142.237937384   185.805468276   17.2675016806   0.216075272495  1.98300557856e-05 
0.00821959258491 1746.75116274   3.43479541416   1.08387081061   0.506118798335  235.553462243   145.136634669   189.841390431   17.66942971     0.20793503233   1.98300965749e-05 
0.00822840936272 1787.6455587    3.43663293836   1.08611774049   0.506141492394  238.883876836   148.064642961   193.919220328   18.0795311865   0.200356350862  1.98301389619e-05 
0.00823716796738 1829.35967022   3.43848584012   1.08843917287   0.50616397372   242.253404155   151.021442149   198.038140323   18.4978390413   0.193294940796  1.98301830057e-05 
0.00824586868611 1871.89522797   3.44036120089   1.09083703806   0.50618624267   245.661155088   154.006416685   202.197216549   18.9243725558   0.186710672688  1.98301965796e-05 
0.00825451182897 1915.25287059   3.44226675892   1.09331329628   0.506208299807  249.106157331   157.018892044   206.395442028   19.359140436    0.180566573089  1.98302063198e-05 
0.00826309772884 1959.43245131   3.44421082806   1.09586993805   0.506230146005  252.587389624   160.058169811   210.631787434   19.8021416611   0.174828321037  1.98302174809e-05 
0.00827162674123 2004.4331683    3.44620203088   1.09850898461   0.506251782421  256.103792568   163.123537263   214.905216264   20.2533655841   0.169464068572  1.98302301162e-05 
0.00828009924405 2050.25328567   3.44824938153   1.1012324884    0.506273210494  259.654260085   166.214262686   219.214683434   20.712791342    0.164444365874  1.98302442786e-05 
0.00828851563729 2096.89020174   3.45036231386   1.10404253359   0.506294431919  263.237655648   169.329603793   223.55914617    21.1803901068   0.159741991519  1.98302600194e-05 
0.00829686940877 2144.34290034   3.45254845318   1.10693882139   0.506315431252  266.852842197   172.468818409   227.937576514   21.6560042794   0.155331776993  1.98302773869e-05 
0.00830516078241 2192.57543004   3.45481746226   1.10992318608   0.506336210369  270.496315721   175.629151116   232.346263282   22.1393670545   0.151191910897  1.98302964018e-05 
0.00831339031173 2241.57271571   3.45717973619   1.1129975541    0.506356772236  274.16617166    178.80922374    236.783283639   22.6303530836   0.147301556788  1.98303171092e-05 
0.00832155856738 2291.32510091   3.45964593925   1.11616386548   0.506377120139  277.860934324   182.008051779   241.247273878   23.1288717308   0.14364083353   1.98303395477e-05 
0.00832966613519 2341.82344385   3.46222706902   1.11942407655   0.506397257637  281.579208457   185.224739772   245.737022852   23.6348360681   0.140191050104  1.98303637505e-05 
0.00833771361431 2393.05847853   3.4649345128    1.12278015679   0.506417188545  285.319631764   188.458422289   250.251383755   24.1481575114   0.136934736669  1.9830389745e-05 
0.00834570161609 2445.02040441   3.46777984281   1.1262340857    0.506436916992  289.080834358   191.708239213   254.789232784   24.6687423782   0.133855617281  1.98304175524e-05 
0.00835363076397 2497.69838978   3.47077450475   1.12978785653   0.50645644745   292.861404296   194.973321197   259.349445564   25.1964890585   0.13093855689   1.98304471905e-05 
0.00836149067881 2551.0846286    3.47392597357   1.13343834585   0.506475757596  296.659902802   198.252791942   263.930897636   25.7310468729   0.12816950449   1.98304786749e-05 
0.00836925828131 2605.11179141   3.47723570381   1.13717563558   0.506494794471  300.470613974   201.54212453    268.52753205    26.2713400359   0.125537194227  1.98305119571e-05 
0.00837693542006 2659.60941432   3.48071422994   1.14100075162   0.506513566778  304.281761336   204.831592712   273.12613068    26.8162134875   0.123034113963  1.98305378323e-05 
0.00838452396607 2714.52863285   3.48437204402   1.14491460604   0.50653208348   308.089911797   208.118575366   277.722883268   27.3652928484   0.120650945928  1.98304984266e-05 
0.00839202577725 2769.84377214   3.48821967631   1.14891805955   0.506550353565  311.893245905   211.401877418   282.316067496   27.9183510652   0.118377402959  1.98304607719e-05 
0.00839944269112 2825.53367927   3.49226759467   1.15301197601   0.506568386052  315.690290366   214.680627012   286.904495051   28.4751876223   0.116203487527  1.98304248483e-05 
0.00840677652311 2881.57822954   3.49652613212   1.15719725703   0.506586190027  319.479680431   217.954053382   291.487153663   29.0356062765   0.1141199465    1.98303906305e-05 
0.00841402906551 2937.95788277   3.50100522408   1.1614748124    0.506603774559  323.260115018   221.221440025   296.063117783   29.5994112746   0.112118396699  1.98303580906e-05 
0.00842120208722 2994.65306221   3.50571452583   1.16584549924   0.50662114864   327.030315679   224.482095302   300.631501208   30.1664036174   0.110191312816  1.98303271985e-05 
0.00842829733381 3051.64390141   3.51066402485   1.17031019088   0.506638321175  330.789016189   227.735345444   305.191442626   30.7363807228   0.108331993869  1.98302979229e-05 
0.00843531652714 3108.91069105   3.51586382818   1.17486982847   0.506655300981  334.534983441   230.980547318   309.742119931   31.3091389299   0.106534519168  1.98302702307e-05 
0.00844226136528 3166.43370646   3.52132388078   1.17952536164   0.506672096769  338.267012818   234.21708105    314.282739431   31.88447363     0.104793659004  1.9830244087e-05 
0.00844913352248 3224.1932489    3.52705402455   1.18427776301   0.506688717117  341.98393274    237.444352381   318.812538792   32.4621812284   0.103104820162  1.98302194549e-05 
0.00845593464883 3282.1700092    3.53306397089   1.18912795199   0.506705170474  345.684617454   240.661803253   323.33080128    33.042060905    0.101463992232  1.9830196295e-05 
0.00846266637007 3340.34493299   3.539363393     1.19407684651   0.506721465066  349.367977289   243.868903132   327.836841029   33.6239134558   0.0998676738999 1.9830174566e-05 
0.00846933028787 3398.69897226   3.54596182764   1.19912543156   0.506737608966  353.032946117   247.065138237   332.329990057   34.2075404772   0.0983127853209 1.98301542247e-05 
0.00847592797993 3457.21319908   3.55286853892   1.20427473606   0.506753610172  356.678482208   250.250014261   336.80960368    34.792745401    0.0967966201881 1.98301352277e-05 
0.00848246100007 3515.86886036   3.56009255981   1.209525821     0.506769476509  360.303567272   253.423058839   341.275063853   35.3793334475   0.0953168057291 1.98301175322e-05 
0.00848893087841 3574.64727797   3.56764272032   1.21487976686   0.506785215662  363.907208511   256.583819745   345.725776326   35.9671116454   0.093871222823  1.9830101095e-05 
0.00849533912158 3633.52998285   3.57552764347   1.22033767845   0.506800835183  367.488447484   259.731868144   350.16117479    36.5558903234   0.0924579571753 1.98300858716e-05 
0.00850168791542 3692.56741046   3.58368676143   1.22590393574   0.506816727402  371.027095365   262.880151584   354.607404539   37.213731161    0.0877041595995 1.9830107867e-05 
0.00850797811286 3751.44090015   3.59213268901   1.23157895418   0.506832887633  374.552276724   265.997366924   359.004172698   37.8033599798   0.0859404473828 1.98300971964e-05 
0.00851421085886 3810.5070939    3.6009394661    1.2373609308    0.506848942047  378.060277654   269.105294521   363.390878511   38.3942390426   0.0844739079737 1.9830087834e-05 
0.00852038755441 3869.61914434   3.61010884739   1.2432511516    0.506864902927  381.542949005   272.19935342    367.760826413   38.985376129    0.0831230297395 1.98300794856e-05 
0.0085265095857 3928.74608055   3.61964926692   1.24925084993   0.506880776025  384.998744482   275.278739204   372.112844404   39.576512162    0.0818352328092 1.98300383277e-05 
0.00853257831841 3987.8695634    3.62956773568   1.2553612889    0.506896567624  388.426806613   278.343124149   376.446460404   40.1674693509   0.0805920809764 1.98299558648e-05 
0.00853859508642 4046.9724969    3.63987118626   1.26158373346   0.506912279514  391.828210738   281.390917659   380.759565853   40.7586579301   0.0793892613815 1.98298747933e-05 
0.00854456122252 4106.03831971   3.6505663144    1.26791951823   0.506927917782  395.198414717   284.424452057   385.055164662   41.3486589381   0.0782152931514 1.98297964029e-05 
0.00855047802765 4165.05042972   3.66165949838   1.27437000857   0.506943492796  398.538664571   287.442068661   389.331134829   41.9379958935   0.0770703735078 1.98297200022e-05 
0.00855634678094 4223.99305863   3.67315674958   1.28093659957   0.506959010738  401.848285815   290.44356573    393.587161354   42.5265153175   0.0759523062063 1.9829645578e-05 
0.00856216874038 4282.85049353   3.68506377868   1.28762073655   0.506974477726  405.126638669   293.428704281   397.822909111   43.114065773    0.0748588266392 1.98295731148e-05 
0.00856794514286 4341.60762822   3.69738599436   1.29442390465   0.506989899807  408.373136766   296.397266021   402.038062666   43.7005007264   0.0737878882892 1.98295025978e-05 
0.00857367720424 4400.24996052   3.7101286063    1.30134756765   0.507005282862  411.587237684   299.349052971   406.23232924    44.2856777218   0.0727376349759 1.98294340126e-05 
0.00857936602927 4458.76331897   3.72329622727   1.30839304782   0.50702063245   414.768422413   302.283874022   410.405423953   44.8694528816   0.0717063729661 1.98293673466e-05 
0.00858501253334 4517.1329374    3.73689263141   1.31556155068   0.507035953661  417.916149098   305.201499287   414.557005187   45.4516722516   0.0706925656949 1.98293025895e-05 
